5.0	7.048494010000001e-40 
5.0115	8.201923210000002e-40 
5.0231	9.772501210000001e-40 
5.0347	1.1997217689999999e-39 
5.0463	1.530843876e-39 
5.0579	2.0579832250000002e-39 
5.0696	2.980177280999999e-39 
5.0813	4.839567489000001e-39 
5.093	9.602628049e-39 
5.1047	2.97252081e-38 
5.1165	7.534760808999999e-37 
5.1283	7.115556249999999e-38 
5.1401	1.25933284e-38 
5.152	4.860041796000001e-39 
5.1639	2.4854213159999998e-39 
5.1758	1.472103424e-39 
5.1877	9.543774490000002e-40 
5.1997	6.57871201e-40 
5.2117	4.74019984e-40 
5.2237	3.5325202499999996e-40 
5.2357	2.702736e-40 
5.2478	2.1123715600000003e-40 
5.2599	1.6798752099999999e-40 
5.272	1.35559449e-40 
5.2842	1.10754576e-40 
5.2964	9.147583448999999e-41 
5.3086	7.625480976000001e-41 
5.3208	6.408803025e-41 
5.3331	5.425353648999999e-41 
5.3454	4.622504120999999e-41 
5.3577	3.961317721e-41 
5.3701	3.412545889e-41 
5.3825	2.953813801e-41 
5.3949	2.567854276e-41 
5.4073	2.2411702809999998e-41 
5.4198	1.963198864e-41 
5.4323	1.7254054440000004e-41 
5.4448	1.5212340089999998e-41 
5.4574	1.345055625e-41 
5.4699	1.192528089e-41 
5.4826	1.059958249e-41 
5.4952	9.44271441e-42 
5.5079	8.431473689999999e-42 
5.5206	7.54381156e-42 
5.5333	6.763120359999999e-42 
5.5461	6.07376025e-42 
5.5589	5.464841290000001e-42 
5.5717	4.924848640000001e-42 
5.5845	4.444928889999999e-42 
5.5974	4.0180202500000005e-42 
5.6103	3.63741184e-42 
5.6232	3.297129639999999e-42 
5.6362	2.99255401e-42 
5.6492	2.71953081e-42 
5.6622	2.47401441e-42 
5.6753	2.2536014400000002e-42 
5.6884	2.0549222500000002e-42 
5.7015	1.8755302499999998e-42 
5.7146	1.71374281e-42 
5.7278	1.56725361e-42 
5.741	1.43448529e-42 
5.7543	1.3144622499999998e-42 
5.7675	1.2051648400000002e-42 
5.7808	1.10607289e-42 
5.7942	1.01586241e-42 
5.8075	9.338129955999999e-43 
5.8209	8.589767761000001e-43 
5.8343	7.907122084000002e-43 
5.8478	7.283598335999998e-43 
5.8613	6.713999721000001e-43 
5.8748	6.192745636000001e-43 
5.8884	5.7158136090000005e-43 
5.9019	5.278749025e-43 
5.9155	4.877904964000001e-43 
5.9292	4.510196963999999e-43 
5.9429	4.172643216e-43 
5.9566	3.862373904e-43 
5.9703	3.5771164810000005e-43 
5.9841	3.314650329e-43 
5.9979	3.072928356e-43 
6.0117	2.8502785439999997e-43 
6.0256	2.6450449e-43 
6.0394	2.4556980249999997e-43 
6.0534	2.2810176000000005e-43 
6.0673	2.1196816e-43 
6.0813	1.970560881e-43 
6.0954	1.8327817210000004e-43 
6.1094	1.705277025e-43 
6.1235	1.587305281e-43 
6.1376	1.478094916e-43 
6.1518	1.376929449e-43 
6.166	1.283215684e-43 
6.1802	1.196260569e-43 
6.1944	1.115626801e-43 
6.2087	1.040836644e-43 
6.223	9.71381889e-44 
6.2374	9.068529959999999e-44 
6.2518	8.468682010000001e-44 
6.2662	7.911281290000001e-44 
6.2806	7.393504810000001e-44 
6.2951	6.911115210000001e-44 
6.3096	6.46278084e-44 
6.3242	6.045205689999999e-44 
6.3388	5.65583524e-44 
6.3534	5.29368064e-44 
6.368	4.955966440000001e-44 
6.3827	4.64100849e-44 
6.3974	4.3472250000000004e-44 
6.4122	4.07353489e-44 
6.427	3.81772521e-44 
6.4418	3.5792856099999996e-44 
6.4566	3.356224e-44 
6.4715	3.14814049e-44 
6.4865	2.9535859600000003e-44 
6.5014	2.7718920100000006e-44 
6.5164	2.601769e-44 
6.5314	2.4429689999999997e-44 
6.5465	2.29431609e-44 
6.5616	2.155024e-44 
6.5767	2.0249290000000002e-44 
6.5919	1.9030202500000003e-44 
6.6071	1.78890625e-44 
6.6223	1.68194961e-44 
6.6376	1.5815577600000003e-44 
6.6529	1.48766809e-44 
6.6682	1.3997256100000001e-44 
6.6836	1.3172152899999998e-44 
6.699	1.23965956e-44 
6.7145	1.1670480900000002e-44 
6.73	1.0989328900000001e-44 
6.7455	1.0348992899999999e-44 
6.761	9.749390121000001e-45 
6.7766	9.185497281000001e-45 
6.7923	8.656069443999999e-45 
6.8079	8.158605625e-45 
6.8236	7.69129e-45 
6.8394	7.252055281000001e-45 
6.8551	6.839124600999999e-45 
6.8709	6.450981124000001e-45 
6.8868	6.086028169e-45 
6.9027	5.742608399999999e-45 
6.9186	5.419609924e-45 
6.9345	5.1156825760000004e-45 
6.9505	4.8296940160000003e-45 
6.9666	4.560435961e-45 
6.9826	4.3070343839999994e-45 
6.9987	4.068271089000001e-45 
7.0149	3.8435040159999995e-45 
7.031	3.6316291690000006e-45 
7.0473	3.4320850560000005e-45 
7.0635	3.244099849e-45 
7.0798	3.0668336410000004e-45 
7.0961	2.8998225e-45 
7.1125	2.742302689e-45 
7.1289	2.593661184e-45 
7.1453	2.453617156e-45 
7.1618	2.3214087609999998e-45 
7.1783	2.1967031609999998e-45 
7.1949	2.078995216e-45 
7.2115	1.967987044e-45 
7.2281	1.8631308960000002e-45 
7.2448	1.764084001e-45 
7.2615	1.670602129e-45 
7.2782	1.5823688410000002e-45 
7.295	1.498928656e-45 
7.3118	1.420159225e-45 
7.3287	1.3457158559999999e-45 
7.3456	1.2753469439999998e-45 
7.3625	1.208883361e-45 
7.3795	1.146025609e-45 
7.3965	1.086625296e-45 
7.4136	1.0304099999999999e-45 
7.4307	9.772501210000001e-46 
7.4478	9.270198090000002e-46 
7.465	8.794783360000002e-46 
7.4822	8.344587690000001e-46 
7.4994	7.918596e-46 
7.5167	7.51582225e-46 
7.5341	7.134241e-46 
7.5514	6.773526759999999e-46 
7.5689	6.4312959999999995e-46 
7.5863	6.1078179599999996e-46 
7.6038	5.80087225e-46 
7.6213	5.510756249999999e-46 
7.6389	5.23540161e-46 
7.6565	4.974684159999999e-46 
7.6742	4.72758049e-46 
7.6919	4.493552040000001e-46 
7.7096	4.27166224e-46 
7.7274	4.06143409e-46 
7.7452	3.861618010000001e-46 
7.7631	3.6725889600000006e-46 
7.781	3.493161e-46 
7.7989	3.32296441e-46 
7.8169	3.16163961e-46 
7.8349	3.0084902500000003e-46 
7.853	2.8632024100000003e-46 
7.8711	2.7254708099999997e-46 
7.8893	2.5943544900000003e-46 
7.9074	2.47024089e-46 
7.9257	2.35223569e-46 
7.944	2.24011089e-46 
7.9623	2.1339366399999998e-46 
7.9806	2.03290564e-46 
7.999	1.93682889e-46 
8.0175	1.84579396e-46 
8.036	1.75933696e-46 
8.0545	1.677025e-46 
8.0731	1.59870736e-46 
8.0917	1.5244840899999998e-46 
8.1104	1.45371249e-46 
8.1291	1.3865062500000001e-46 
8.1478	1.3227300100000002e-46 
8.1666	1.2620275599999999e-46 
8.1854	1.20428676e-46 
8.2043	1.1493984100000002e-46 
8.2232	1.09704676e-46 
8.2422	1.0473475599999999e-46 
8.2612	9.999800001e-47 
8.2802	9.549589284e-47 
8.2993	9.121014016e-47 
8.3185	8.712915649000001e-47 
8.3377	8.324555121000001e-47 
8.3569	7.954677721e-47 
8.3762	7.602444863999999e-47 
8.3955	7.267051009e-47 
8.4148	6.947555904000001e-47 
8.4342	6.643228036e-47 
8.4537	6.353205848999999e-47 
8.4732	6.076826115999999e-47 
8.4927	5.813452516e-47 
8.5123	5.562474723999999e-47 
8.5319	5.3231616e-47 
8.5516	5.095104400000001e-47 
8.5713	4.877625599999999e-47 
8.5911	4.670218921000001e-47 
8.6109	4.472399376e-47 
8.6308	4.2837025e-47 
8.6507	4.1036836e-47 
8.6706	3.9319170250000005e-47 
8.6906	3.7679954560000005e-47 
8.7106	3.611529216e-47 
8.7307	3.462263281e-47 
8.7509	3.3197186890000003e-47 
8.771	3.1835549289999997e-47 
8.7913	3.0536676e-47 
8.8115	2.929515625e-47 
8.8319	2.8110143610000003e-47 
8.8522	2.6977636000000005e-47 
8.8726	2.589486769e-47 
8.8931	2.486119321e-47 
8.9136	2.3872996e-47 
8.9342	2.292877456e-47 
8.9548	2.2026126240000005e-47 
8.9754	2.1162760090000002e-47 
8.9961	2.0337394090000001e-47 
9.0169	1.954789369e-47 
9.0377	1.8793092009999997e-47 
9.0585	1.8071001000000003e-47 
9.0794	1.7379727209999997e-47 
9.1003	1.6718285440000002e-47 
9.1213	1.6085714490000003e-47 
9.1423	1.5480290250000002e-47 
9.1634	1.4900372009999998e-47 
9.1846	1.4344398759999997e-47 
9.2057	1.3813115560000003e-47 
9.227	1.330352676e-47 
9.2482	1.2815684009999997e-47 
9.2696	1.2348196e-47 
9.2909	1.190043009e-47 
9.3124	1.1471768999999998e-47 
9.3338	1.106028049e-47 
9.3554	1.0666102809999999e-47 
9.3769	1.0287414759999999e-47 
9.3986	9.925020159999999e-48 
9.4202	9.57716809e-48 
9.442	9.244032159999999e-48 
9.4637	8.923961290000001e-48 
9.4856	8.61657316e-48 
9.5074	8.32207104e-48 
9.5294	8.038926090000001e-48 
9.5513	7.767369e-48 
9.5734	7.506504040000001e-48 
9.5954	7.256558439999999e-48 
9.6176	7.015611690000001e-48 
9.6397	6.78498304e-48 
9.662	6.56281924e-48 
9.6842	6.34939204e-48 
9.7066	6.14444944e-48 
9.729	5.94725769e-48 
9.7514	5.75760025e-48 
9.7739	5.57573769e-48 
9.7964	5.4005112099999995e-48 
9.819	5.231741289999999e-48 
9.8417	5.0697025599999994e-48 
9.8643	4.913315560000001e-48 
9.8871	4.7633062500000006e-48 
9.9099	4.6186308100000004e-48 
9.9327	4.47914896e-48 
9.9557	4.34514025e-48 
9.9786	4.216040890000001e-48 
10.002	4.0917198400000006e-48 
10.025	3.972049e-48 
10.048	3.85651044e-48 
10.071	3.745386090000001e-48 
10.094	3.63817476e-48 
10.117	3.53515204e-48 
10.141	3.435462250000001e-48 
10.164	3.3397562499999993e-48 
10.188	3.247204e-48 
10.211	3.15808441e-48 
10.235	3.07195729e-48 
10.258	2.98874944e-48 
10.282	2.9087302499999994e-48 
10.306	2.8314792899999995e-48 
10.329	2.75659609e-48 
10.353	2.6843545599999998e-48 
10.377	2.614689e-48 
10.401	2.54753521e-48 
10.425	2.4825153599999997e-48 
10.449	2.4195802499999997e-48 
10.473	2.35868164e-48 
10.497	2.3000755599999996e-48 
10.522	2.2431052900000003e-48 
10.546	2.18803264e-48 
10.57	2.13481321e-48 
10.594	2.08340356e-48 
10.619	2.033476e-48 
10.643	1.985281e-48 
10.668	1.93849929e-48 
10.693	1.8933759999999998e-48 
10.717	1.8496e-48 
10.742	1.80714249e-48 
10.767	1.76597521e-48 
10.791	1.7260704399999998e-48 
10.816	1.687401e-48 
10.841	1.64994025e-48 
10.866	1.6134080400000002e-48 
10.891	1.57828969e-48 
10.916	1.54405476e-48 
10.942	1.51093264e-48 
10.967	1.4786560000000002e-48 
10.992	1.44744961e-48 
11.018	1.4170521599999998e-48 
11.043	1.387684e-48 
11.068	1.3588564899999998e-48 
11.094	1.3312544400000001e-48 
11.12	1.3041640000000002e-48 
11.145	1.2778041599999998e-48 
11.171	1.2523848100000002e-48 
11.197	1.227664e-48 
11.222	1.203409e-48 
11.248	1.1800476899999998e-48 
11.274	1.1573456400000002e-48 
11.3	1.1350771599999998e-48 
11.326	1.1136580900000001e-48 
11.352	1.0926520900000001e-48 
11.379	1.0722602499999999e-48 
11.405	1.0522656400000001e-48 
11.431	1.0330689600000002e-48 
11.458	1.01425041e-48 
11.484	9.959042025000002e-49 
11.51	9.780616609e-49 
11.537	9.606940224999998e-49 
11.564	9.437733904000001e-49 
11.59	9.272919615999998e-49 
11.617	9.112420680999998e-49 
11.644	8.955972495999999e-49 
11.671	8.803505929e-49 
11.697	8.654953024000001e-49 
11.724	8.510062500000001e-49 
11.752	8.368773360999999e-49 
11.779	8.231207075999999e-49 
11.806	8.096940289e-49 
11.833	7.965919504000001e-49 
11.86	7.838269156000001e-49 
11.888	7.713581929e-49 
11.915	7.591985424e-49 
11.943	7.473429600999998e-49 
11.97	7.357693729e-49 
11.998	7.244733456000001e-49 
12.025	7.134505156e-49 
12.053	7.026965928999999e-49 
12.081	6.921907204e-49 
12.109	6.8192912410000006e-49 
12.137	6.7190808999999996e-49 
12.165	6.621239641e-49 
12.193	6.525731524e-49 
12.221	6.4323608039999996e-49 
12.249	6.341255424e-49 
12.277	6.2520649e-49 
12.306	6.165076324e-49 
12.334	6.080100625e-49 
12.362	5.9969536000000005e-49 
12.391	5.915763396000001e-49 
12.419	5.836348816e-49 
12.448	5.758684996000001e-49 
12.477	5.682898225000001e-49 
12.506	5.6086618810000006e-49 
12.534	5.5361040249999996e-49 
12.563	5.465201329e-49 
12.592	5.395783936e-49 
12.621	5.3279780490000004e-49 
12.65	5.261616369e-49 
12.68	5.196679744e-49 
12.709	5.133149316e-49 
12.738	5.0710065210000005e-49 
12.767	5.010233089e-49 
12.797	4.950670321e-49 
12.826	4.8924429160000005e-49 
12.856	4.835533444e-49 
12.886	4.779648225e-49 
12.915	4.725050120999999e-49 
12.945	4.671585801e-49 
12.975	4.619241225e-49 
13.005	4.568002569e-49 
13.035	4.517856225e-49 
13.065	4.4687888010000004e-49 
13.095	4.420654144e-49 
13.125	4.373441424e-49 
13.156	4.3274030889999995e-49 
13.186	4.282131844e-49 
13.216	4.2378798009999995e-49 
13.247	4.1943756960000005e-49 
13.277	4.151869224999999e-49 
13.308	4.110220321e-49 
13.339	4.069419264e-49 
13.369	4.0294564839999995e-49 
13.4	3.990196224e-49 
13.431	3.951882496e-49 
13.462	3.914128968999999e-49 
13.493	3.877303824e-49 
13.524	3.8410245759999996e-49 
13.555	3.8055327209999994e-49 
13.587	3.7708196490000004e-49 
13.618	3.736754641e-49 
13.649	3.703209316000001e-49 
13.681	3.670421055999999e-49 
13.712	3.638261124e-49 
13.744	3.606723136e-49 
13.776	3.575800804e-49 
13.808	3.545487936e-49 
13.839	3.515659849e-49 
13.871	3.486548209e-49 
13.903	3.457910416e-49 
13.935	3.429742096e-49 
13.968	3.4021555840000005e-49 
14.0	3.375145216e-49 
14.032	3.3485896890000004e-49 
14.064	3.3224848809999997e-49 
14.097	3.296941561e-49 
14.129	3.2718400000000005e-49 
14.162	3.2471762559999996e-49 
14.195	3.222946441e-49 
14.227	3.1992598440000003e-49 
14.26	3.175886025e-49 
14.293	3.1530471040000003e-49 
14.326	3.130514401e-49 
14.359	3.108508516e-49 
14.392	3.0868024809999997e-49 
14.425	3.065504689e-49 
14.459	3.0446116840000005e-49 
14.492	3.0241200639999998e-49 
14.525	3.0039168639999993e-49 
14.559	2.984109129e-49 
14.592	2.9646936009999998e-49 
14.626	2.945558529e-49 
14.66	2.9268100000000002e-49 
14.694	2.908337041e-49 
14.727	2.8902451209999996e-49 
14.761	2.872424025e-49 
14.795	2.854871761e-49 
14.83	2.8376928999999996e-49 
14.864	2.820778321e-49 
14.898	2.8041261159999998e-49 
14.932	2.7878399999999997e-49 
14.967	2.771811904e-49 
15.001	2.756040004e-49 
15.036	2.7405224999999997e-49 
15.071	2.725257616e-49 
15.105	2.7102436e-49 
15.14	2.6954787240000004e-49 
15.175	2.6809612840000006e-49 
15.21	2.6667928810000004e-49 
15.245	2.6527650249999996e-49 
15.28	2.6389796410000006e-49 
15.316	2.6253326439999995e-49 
15.351	2.6120276639999995e-49 
15.386	2.5989604000000003e-49 
15.422	2.5860276090000004e-49 
15.457	2.5733299839999996e-49 
15.493	2.5608660249999998e-49 
15.529	2.548533289e-49 
15.564	2.5364317690000005e-49 
15.6	2.524560025e-49 
15.636	2.512816384e-49 
15.672	2.5013001690000005e-49 
15.709	2.4900099999999996e-49 
15.745	2.478844944e-49 
15.781	2.467804329e-49 
15.817	2.4569866240000003e-49 
15.854	2.4463905210000002e-49 
15.89	2.4359160250000004e-49 
15.927	2.4255624999999998e-49 
15.964	2.415427609e-49 
16.001	2.4054120250000003e-49 
16.038	2.3956130250000002e-49 
16.075	2.3858340250000004e-49 
16.112	2.3763675040000004e-49 
16.149	2.3669198010000002e-49 
16.186	2.357685136e-49 
16.223	2.3485654439999997e-49 
16.261	2.339560161e-49 
16.298	2.330668729e-49 
16.336	2.3219869690000002e-49 
16.374	2.3134176039999995e-49 
16.411	2.3049601000000002e-49 
16.449	2.296613929e-49 
16.487	2.2883785690000004e-49 
16.525	2.2803490090000002e-49 
16.563	2.272333561e-49 
16.601	2.264427396e-49 
16.64	2.256725025e-49 
16.678	2.249130625e-49 
16.716	2.2415490249999998e-49 
16.755	2.2341692889999997e-49 
16.794	2.226801721e-49 
16.832	2.2196347690000004e-49 
16.871	2.212573444e-49 
16.91	2.2055233690000004e-49 
16.949	2.1986720999999995e-49 
16.988	2.1918314889999997e-49 
17.027	2.1850950250000002e-49 
17.067	2.178462276e-49 
17.106	2.1719328159999997e-49 
17.145	2.165506225e-49 
17.185	2.159182089e-49 
17.225	2.1528672010000003e-49 
17.264	2.1467468889999996e-49 
17.304	2.140635289e-49 
17.344	2.1346248040000004e-49 
17.384	2.128715044e-49 
17.424	2.122813476e-49 
17.464	2.1171041440000002e-49 
17.505	2.1114025e-49 
17.545	2.1058003209999997e-49 
17.585	2.1002055840000004e-49 
17.626	2.0947098240000003e-49 
17.667	2.089312681e-49 
17.707	2.0840138010000002e-49 
17.748	2.078721649e-49 
17.789	2.0735272959999997e-49 
17.83	2.0684304e-49 
17.871	2.0633397760000003e-49 
17.912	2.058346161e-49 
17.954	2.0534492249999997e-49 
17.995	2.048558121e-49 
18.037	2.0437632640000004e-49 
18.078	2.0389740249999995e-49 
18.12	2.034280609e-49 
18.162	2.0296827039999998e-49 
18.204	2.0250900010000003e-49 
18.246	2.0205924010000006e-49 
18.288	2.016189604e-49 
18.33	2.0117019039999997e-49 
18.372	2.0073984160000003e-49 
18.414	2.003099536e-49 
18.457	1.998894681e-49 
18.499	1.994694244e-49 
18.542	1.990498225e-49 
18.585	1.986395761e-49 
18.628	1.9823865760000003e-49 
18.671	1.978381441e-49 
18.714	1.9744692249999998e-49 
18.757	1.9705608809999995e-49 
18.8	1.9666564090000002e-49 
18.844	1.9628444159999997e-49 
18.887	1.959124644e-49 
18.931	1.955319961e-49 
18.974	1.951695684e-49 
19.018	1.9480747690000003e-49 
19.062	1.944457216e-49 
19.106	1.940931136e-49 
19.15	1.937408256e-49 
19.194	1.9338885760000004e-49 
19.238	1.9304599689999998e-49 
19.283	1.9270344039999998e-49 
19.327	1.9236996000000004e-49 
19.372	1.920367684e-49 
19.416	1.917126225e-49 
19.461	1.9138000089999995e-49 
19.506	1.910651521e-49 
19.551	1.9074182759999997e-49 
19.596	1.904275044e-49 
19.641	1.9012216090000005e-49 
19.686	1.898083489e-49 
19.732	1.895035024e-49 
19.777	1.892076004e-49 
19.823	1.889119296e-49 
19.869	1.8861648999999996e-49 
19.915	1.8832128160000004e-49 
19.96	1.8803497689999995e-49 
20.006	1.8774888999999996e-49 
20.053	1.8746302089999996e-49 
20.099	1.871860225e-49 
20.145	1.8690922889999998e-49 
20.192	1.866326401e-49 
20.238	1.8636488999999996e-49 
20.285	1.8609733210000002e-49 
20.332	1.8582996640000002e-49 
20.379	1.855627929e-49 
20.426	1.853044209e-49 
20.473	1.850462289e-49 
20.52	1.847968144e-49 
20.567	1.845389764e-49 
20.615	1.8428990410000003e-49 
20.662	1.84041e-49 
20.71	1.8380083840000002e-49 
20.758	1.8355226489999996e-49 
20.805	1.8331242250000003e-49 
20.853	1.830727369e-49 
20.901	1.8284176e-49 
20.95	1.8260238240000002e-49 
20.998	1.8237170250000004e-49 
21.046	1.8214970409999997e-49 
21.095	1.8191931040000003e-49 
21.144	1.8169758759999997e-49 
21.192	1.8146748009999995e-49 
21.241	1.812545476e-49 
21.29	1.8103323040000002e-49 
21.339	1.8081204840000005e-49 
21.389	1.805995009e-49 
21.438	1.8038707839999996e-49 
21.487	1.801747809e-49 
21.537	1.799710929e-49 
21.586	1.797590404e-49 
21.636	1.795555876e-49 
21.686	1.7935225e-49 
21.736	1.791490276e-49 
21.786	1.789543809e-49 
21.837	1.7875138409999997e-49 
21.887	1.785569536e-49 
21.937	1.783626289e-49 
21.988	1.7816841e-49 
22.039	1.779827344e-49 
22.089	1.7778872249999997e-49 
22.14	1.776032449e-49 
22.191	1.7741786410000003e-49 
22.243	1.7723258009999996e-49 
22.294	1.770473929e-49 
22.345	1.768707136e-49 
22.397	1.7669412249999995e-49 
22.449	1.765092169e-49 
22.5	1.7633280639999997e-49 
22.552	1.7615648410000003e-49 
22.604	1.7598864010000005e-49 
22.656	1.7581249000000002e-49 
22.709	1.7564481e-49 
22.761	1.7547721e-49 
22.813	1.753013161e-49 
22.866	1.7514225e-49 
22.919	1.7497489e-49 
22.972	1.7480761000000002e-49 
23.025	1.746487681e-49 
23.078	1.744816441e-49 
23.131	1.7432295039999996e-49 
23.184	1.741643289e-49 
23.238	1.740057796e-49 
23.291	1.7384730249999997e-49 
23.345	1.736972329e-49 
23.399	1.7353889639999995e-49 
23.453	1.7338896e-49 
23.507	1.732390884e-49 
23.561	1.7308928160000003e-49 
23.615	1.729395396e-49 
23.67	1.7278986239999997e-49 
23.724	1.7264025000000002e-49 
23.779	1.7249900890000002e-49 
23.834	1.7234952249999997e-49 
23.889	1.7220840039999996e-49 
23.944	1.7206733609999997e-49 
23.999	1.719180369e-49 
24.055	1.7178538090000003e-49 
24.11	1.7164449e-49 
24.166	1.715036569e-49 
24.221	1.713628816e-49 
24.277	1.7123044000000003e-49 
24.333	1.7108977690000002e-49 
24.389	1.7095744089999998e-49 
24.446	1.7082515610000001e-49 
24.502	1.7069292249999999e-49 
24.558	1.705607401e-49 
24.615	1.704286089e-49 
24.672	1.702965289e-49 
24.729	1.7017275039999998e-49 
24.786	1.700407696e-49 
24.843	1.6991708410000001e-49 
24.9	1.697852025e-49 
24.958	1.6966161e-49 
25.015	1.6953806249999998e-49 
25.073	1.6941455999999998e-49 
25.131	1.692911025e-49 
25.189	1.6916769e-49 
25.247	1.690525456e-49 
25.305	1.689292201e-49 
25.363	1.688059396e-49 
25.422	1.686909184e-49 
25.48	1.685677249e-49 
25.539	1.6845278490000002e-49 
25.598	1.683378841e-49 
25.657	1.682230225e-49 
25.716	1.6810820010000002e-49 
25.776	1.679934169e-49 
25.835	1.6787867289999999e-49 
25.895	1.677639681e-49 
25.954	1.6765749160000001e-49 
26.014	1.6754286239999999e-49 
26.074	1.6742827239999999e-49 
26.134	1.673219025e-49 
26.194	1.6721556639999999e-49 
26.255	1.6710108839999998e-49 
26.315	1.669948225e-49 
26.376	1.668885904e-49 
26.437	1.667823921e-49 
26.498	1.6667622760000002e-49 
26.559	1.6657009689999999e-49 
26.62	1.6646399999999999e-49 
26.682	1.663660944e-49 
26.743	1.6626006249999999e-49 
26.805	1.661540644e-49 
26.867	1.6605624999999999e-49 
26.929	1.6595031690000001e-49 
26.991	1.658525625e-49 
27.053	1.6575483689999999e-49 
27.115	1.65649e-49 
27.178	1.655513344e-49 
27.241	1.6545369759999998e-49 
27.303	1.653560896e-49 
27.366	1.652585104e-49 
27.429	1.6516096e-49 
27.493	1.650634384e-49 
27.556	1.649740689e-49 
27.62	1.6487660249999999e-49 
27.683	1.647791649e-49 
27.747	1.646898724e-49 
27.811	1.6459249e-49 
27.875	1.6450324810000002e-49 
27.94	1.644059209e-49 
28.004	1.6431672959999998e-49 
28.069	1.642275625e-49 
28.133	1.6413841960000002e-49 
28.198	1.640412004e-49 
28.263	1.6395210809999999e-49 
28.328	1.6386304e-49 
28.394	1.637739961e-49 
28.459	1.636849764e-49 
28.525	1.6359598090000001e-49 
28.591	1.635150969e-49 
28.656	1.6342614759999999e-49 
28.723	1.633372225e-49 
28.789	1.632564025e-49 
28.855	1.6316752360000002e-49 
28.922	1.630786689e-49 
28.988	1.629979129e-49 
29.055	1.6290910440000001e-49 
29.122	1.628283904e-49 
29.189	1.6274769640000001e-49 
29.257	1.6265895609999999e-49 
29.324	1.625783041e-49 
29.392	1.6249767209999998e-49 
29.46	1.6241706009999998e-49 
29.528	1.6233646809999999e-49 
29.596	1.622558961e-49 
29.664	1.621753441e-49 
29.732	1.620948121e-49 
29.801	1.6201430009999998e-49 
29.87	1.619338081e-49 
29.938	1.618533361e-49 
30.007	1.6178092840000001e-49 
30.077	1.6170049440000002e-49 
30.146	1.6162008040000001e-49 
30.216	1.615477249e-49 
30.285	1.614673489e-49 
30.355	1.6139502759999999e-49 
30.425	1.613146896e-49 
30.495	1.6124240250000001e-49 
30.566	1.611621025e-49 
30.636	1.610898496e-49 
30.707	1.6101761290000002e-49 
30.777	1.6093736890000001e-49 
30.848	1.608651664e-49 
30.92	1.6079298009999999e-49 
30.991	1.6072081000000001e-49 
31.062	1.606486561e-49 
31.134	1.6057651840000002e-49 
31.206	1.605043969e-49 
31.278	1.6043229159999999e-49 
31.35	1.603602025e-49 
31.422	1.602881296e-49 
31.495	1.6021607289999997e-49 
31.567	1.601440324e-49 
31.64	1.6008001e-49 
31.713	1.600080001e-49 
31.786	1.599360064e-49 
31.859	1.5987202559999999e-49 
31.933	1.5980006250000002e-49 
32.007	1.597281156e-49 
32.08	1.5966417640000001e-49 
32.154	1.5959226009999999e-49 
32.228	1.595283481e-49 
32.303	1.5945646239999998e-49 
32.377	1.593925776e-49 
32.452	1.593287056e-49 
32.527	1.5925686489999999e-49 
32.602	1.591930201e-49 
32.677	1.591291881e-49 
32.752	1.590653689e-49 
32.828	1.5899358759999999e-49 
32.904	1.589297956e-49 
32.979	1.588660164e-49 
33.055	1.5880225000000002e-49 
33.132	1.587384964e-49 
33.208	1.586747556e-49 
33.285	1.586110276e-49 
33.361	1.585473124e-49 
33.438	1.5848361000000001e-49 
33.515	1.584199204e-49 
33.593	1.583562436e-49 
33.67	1.582925796e-49 
33.748	1.5823688409999999e-49 
33.826	1.581732441e-49 
33.904	1.5810961690000001e-49 
33.982	1.5804600250000002e-49 
34.06	1.5799035040000001e-49 
34.139	1.5792676000000002e-49 
34.218	1.578711289e-49 
34.296	1.5780756249999999e-49 
34.376	1.577440089e-49 
34.455	1.5768840999999998e-49 
34.534	1.576248804e-49 
34.614	1.5756930249999999e-49 
34.694	1.575057969e-49 
34.774	1.5745023999999999e-49 
34.854	1.5739469290000001e-49 
34.934	1.573312225e-49 
35.015	1.572756964e-49 
35.096	1.572201801e-49 
35.176	1.571567449e-49 
35.258	1.571012496e-49 
35.339	1.570457641e-49 
35.42	1.569902884e-49 
35.502	1.569348225e-49 
35.584	1.5687936640000002e-49 
35.666	1.5681599999999998e-49 
35.748	1.5676056490000002e-49 
35.831	1.5670513960000001e-49 
35.913	1.566497241e-49 
35.996	1.5659431839999999e-49 
36.079	1.5653892249999999e-49 
36.162	1.564835364e-49 
36.246	1.564281601e-49 
36.329	1.5638070249999998e-49 
36.413	1.5632534440000001e-49 
36.497	1.562699961e-49 
36.581	1.562146576e-49 
36.666	1.5615932889999999e-49 
36.75	1.5610400999999998e-49 
36.835	1.560566016e-49 
36.92	1.560013009e-49 
37.005	1.5594600999999998e-49 
37.09	1.558986256e-49 
37.176	1.5584335289999999e-49 
37.262	1.5578808999999999e-49 
37.347	1.557407296e-49 
37.434	1.556854849e-49 
37.52	1.5563814010000002e-49 
37.606	1.555829136e-49 
37.693	1.555355844e-49 
37.78	1.5548037610000002e-49 
37.867	1.554330625e-49 
37.955	1.5537787240000002e-49 
38.042	1.553305744e-49 
38.13	1.5527540249999998e-49 
38.218	1.552281201e-49 
38.306	1.551808449e-49 
38.394	1.5512569960000001e-49 
38.483	1.5507843999999999e-49 
38.571	1.550311876e-49 
38.66	1.549760689e-49 
38.75	1.549288321e-49 
38.839	1.5488160249999998e-49 
38.928	1.5483438010000001e-49 
39.018	1.5478716489999999e-49 
39.108	1.5473208960000002e-49 
39.198	1.5468489e-49 
39.289	1.546376976e-49 
39.379	1.5459051239999998e-49 
39.47	1.545433344e-49 
39.561	1.5449616360000002e-49 
39.652	1.54449e-49 
39.744	1.544018436e-49 
39.836	1.543546944e-49 
39.927	1.543075524e-49 
40.019	1.5426041760000002e-49 
40.112	1.5421328999999999e-49 
40.204	1.541661696e-49 
40.297	1.5411905639999999e-49 
40.39	1.540719504e-49 
40.483	1.540248516e-49 
40.576	1.5398560810000002e-49 
40.67	1.5393852249999999e-49 
40.764	1.538914441e-49 
40.858	1.5384437289999999e-49 
40.952	1.537973089e-49 
41.046	1.537580944e-49 
41.141	1.5371104360000001e-49 
41.236	1.5366399999999999e-49 
41.331	1.5362480249999999e-49 
41.426	1.5357777210000002e-49 
41.522	1.5353074889999999e-49 
41.618	1.5349156839999999e-49 
41.714	1.534445584e-49 
41.81	1.5339755560000002e-49 
41.906	1.5335839210000002e-49 
42.003	1.5331140249999999e-49 
42.1	1.5327225e-49 
42.197	1.532252736e-49 
42.294	1.5318613210000001e-49 
42.392	1.5313916889999998e-49 
42.489	1.5310003839999999e-49 
42.587	1.530530884e-49 
42.686	1.530139689e-49 
42.784	1.5296703210000002e-49 
42.883	1.5292792360000002e-49 
42.981	1.5288099999999999e-49 
43.081	1.528419025e-49 
43.18	1.5280281e-49 
43.28	1.5275590560000002e-49 
43.379	1.527168241e-49 
43.479	1.526777476e-49 
43.58	1.526308624e-49 
43.68	1.525917969e-49 
43.781	1.525527364e-49 
43.882	1.5251368089999999e-49 
43.983	1.5246682090000001e-49 
44.084	1.524277764e-49 
44.186	1.523887369e-49 
44.288	1.5234970240000001e-49 
44.39	1.5231067290000001e-49 
44.492	1.5226384409999998e-49 
44.595	1.522248256e-49 
44.698	1.5218581209999999e-49 
44.801	1.5214680359999998e-49 
44.904	1.5210780009999998e-49 
45.008	1.5206880159999998e-49 
45.112	1.5202980809999998e-49 
45.216	1.5199081959999998e-49 
45.32	1.5195183609999999e-49 
45.424	1.5191285759999998e-49 
45.529	1.5187388409999998e-49 
45.634	1.5183491559999998e-49 
45.739	1.5179595209999998e-49 
45.845	1.5175699359999998e-49 
45.951	1.5171804009999999e-49 
46.057	1.5167909159999998e-49 
46.163	1.5164014809999998e-49 
46.269	1.5160120959999998e-49 
46.376	1.5156227609999998e-49 
46.483	1.515233476e-49 
46.59	1.514922084e-49 
46.697	1.5145328890000001e-49 
46.805	1.5141437440000001e-49 
46.913	1.5137546490000001e-49 
47.021	1.513365604e-49 
47.13	1.5129766090000001e-49 
47.238	1.5126654489999998e-49 
47.347	1.5122765439999999e-49 
47.457	1.511887689e-49 
47.566	1.511498884e-49 
47.676	1.511187876e-49 
47.786	1.5107991610000001e-49 
47.896	1.5104104960000001e-49 
48.006	1.5100996e-49 
48.117	1.509711025e-49 
48.228	1.5093225e-49 
48.339	1.509011716e-49 
48.451	1.508623281e-49 
48.562	1.5082348959999999e-49 
48.674	1.5079242240000002e-49 
48.787	1.507535929e-49 
48.899	1.507225329e-49 
49.012	1.5068371239999999e-49 
49.125	1.5065265960000002e-49 
49.238	1.5061384810000002e-49 
49.352	1.505828025e-49 
49.465	1.50544e-49 
49.579	1.5051296159999998e-49 
49.694	1.5047416809999998e-49 
49.808	1.5044313690000002e-49 
49.923	1.504043524e-49 
50.038	1.503733284e-49 
50.154	1.503345529e-49 
50.269	1.5030353610000002e-49 
50.385	1.5026476960000003e-49 
50.502	1.5023376e-49 
50.618	1.5020275359999998e-49 
50.735	1.501640001e-49 
50.852	1.5013300090000001e-49 
50.969	1.501020049e-49 
51.087	1.500632644e-49 
51.204	1.5003227559999998e-49 
51.322	1.5000129e-49 
51.441	1.499625625e-49 
51.559	1.4993158409999999e-49 
51.678	1.499006089e-49 
51.797	1.4986189440000001e-49 
51.917	1.4983092639999999e-49 
52.037	1.4979996159999998e-49 
52.157	1.49769e-49 
52.277	1.4973804159999999e-49 
52.397	1.496993481e-49 
52.518	1.4966839690000002e-49 
52.639	1.496374489e-49 
52.761	1.4960650409999998e-49 
52.882	1.4957556250000001e-49 
53.004	1.495446241e-49 
53.127	1.495059556e-49 
53.249	1.4947502440000002e-49 
53.372	1.4944409639999999e-49 
53.495	1.4941317159999999e-49 
53.618	1.4938225000000001e-49 
53.742	1.4935133159999998e-49 
53.866	1.4932041640000002e-49 
53.99	1.492895044e-49 
54.115	1.4925859559999998e-49 
54.239	1.4922769000000001e-49 
54.365	1.491967876e-49 
54.49	1.491658884e-49 
54.616	1.491349924e-49 
54.741	1.491040996e-49 
54.868	1.4907321e-49 
54.994	1.490423236e-49 
55.121	1.4901144040000002e-49 
55.248	1.489805604e-49 
55.376	1.4894968359999999e-49 
55.503	1.4891881000000001e-49 
55.631	1.4888793959999998e-49 
55.76	1.4885707240000002e-49 
55.888	1.488262084e-49 
56.017	1.487953476e-49 
56.146	1.4876449000000001e-49 
56.276	1.4874134890000002e-49 
56.405	1.487104969e-49 
56.535	1.4867964809999998e-49 
56.666	1.4864880250000001e-49 
56.797	1.486179601e-49 
56.928	1.4858712090000002e-49 
57.059	1.4856399359999999e-49 
57.19	1.4853316e-49 
57.322	1.4850232959999999e-49 
57.454	1.4847150240000002e-49 
57.587	1.4844838409999999e-49 
57.72	1.484175625e-49 
57.853	1.4838674409999999e-49 
57.986	1.4835592890000002e-49 
58.12	1.4833281959999998e-49 
58.254	1.4830201000000001e-49 
58.388	1.482712036e-49 
58.523	1.482481009e-49 
58.658	1.482173001e-49 
58.793	1.4818650250000001e-49 
58.929	1.4816340640000001e-49 
59.065	1.481326144e-49 
59.201	1.4810182559999999e-49 
59.337	1.480787361e-49 
59.474	1.4804795290000001e-49 
59.611	1.480171729e-49 
59.749	1.4799409000000001e-49 
59.887	1.479633156e-49 
60.025	1.479402369e-49 
60.163	1.479094681e-49 
60.302	1.4787870250000001e-49 
60.441	1.4785563040000001e-49 
60.58	1.478248704e-49 
60.72	1.4780180250000001e-49 
60.86	1.4777104809999999e-49 
61.0	1.477479844e-49 
61.141	1.4771723559999999e-49 
61.282	1.476941761e-49 
61.423	1.4766343289999999e-49 
61.565	1.4764037759999999e-49 
61.707	1.4760964e-49 
61.849	1.4758658889999998e-49 
61.992	1.475558569e-49 
62.135	1.4753281000000002e-49 
62.278	1.4750976489999999e-49 
62.422	1.4747904090000001e-49 
62.566	1.4745600000000001e-49 
62.71	1.4742528159999999e-49 
62.855	1.474022449e-49 
62.999	1.4737921000000002e-49 
63.145	1.473484996e-49 
63.29	1.4732546890000001e-49 
63.436	1.472947641e-49 
63.583	1.472717376e-49 
63.729	1.472487129e-49 
63.876	1.4721801609999998e-49 
64.023	1.471949956e-49 
64.171	1.4717197690000001e-49 
64.319	1.471412881e-49 
64.467	1.471182736e-49 
64.616	1.470952609e-49 
64.765	1.4707225000000002e-49 
64.914	1.4704157159999999e-49 
65.064	1.470185649e-49 
65.214	1.4699556000000002e-49 
65.365	1.4697255689999999e-49 
65.515	1.469418889e-49 
65.666	1.4691889000000002e-49 
65.818	1.468958929e-49 
65.97	1.468728976e-49 
66.122	1.468499041e-49 
66.274	1.4681924889999998e-49 
66.427	1.467962596e-49 
66.58	1.467732721e-49 
66.734	1.467502864e-49 
66.888	1.4672730250000002e-49 
67.042	1.466966601e-49 
67.196	1.466736804e-49 
67.351	1.4665070250000001e-49 
67.507	1.466277264e-49 
67.662	1.4660475209999998e-49 
67.818	1.465817796e-49 
67.975	1.4655880890000001e-49 
68.132	1.4653584000000001e-49 
68.289	1.4651287289999998e-49 
68.446	1.464899076e-49 
68.604	1.4645929000000001e-49 
68.762	1.4643632889999998e-49 
68.921	1.464133696e-49 
69.08	1.463904121e-49 
69.239	1.463674564e-49 
69.399	1.4634450250000002e-49 
69.559	1.463215504e-49 
69.719	1.4629860009999998e-49 
69.88	1.462756516e-49 
70.041	1.4625270490000001e-49 
70.202	1.4622976000000001e-49 
70.364	1.4620681689999998e-49 
70.527	1.461838756e-49 
70.689	1.461609361e-49 
70.852	1.461379984e-49 
71.016	1.4611506250000001e-49 
71.179	1.460921284e-49 
71.344	1.4607684e-49 
71.508	1.4605390889999998e-49 
71.673	1.460309796e-49 
71.838	1.460080521e-49 
72.004	1.459851264e-49 
72.17	1.4596220250000001e-49 
72.336	1.4593928039999999e-49 
72.503	1.459163601e-49 
72.67	1.458934416e-49 
72.838	1.458781636e-49 
73.006	1.458552481e-49 
73.174	1.458323344e-49 
73.343	1.4580942250000001e-49 
73.512	1.457865124e-49 
73.682	1.457636041e-49 
73.852	1.4574833289999999e-49 
74.022	1.4572542759999999e-49 
74.193	1.457025241e-49 
74.364	1.4567962240000001e-49 
74.535	1.4565672250000002e-49 
74.707	1.4564145690000001e-49 
74.879	1.4561856000000001e-49 
75.052	1.4559566489999998e-49 
75.225	1.455727716e-49 
75.399	1.4555751039999998e-49 
75.572	1.4553462009999999e-49 
75.747	1.455117316e-49 
75.921	1.4548884490000001e-49 
76.096	1.454735881e-49 
76.272	1.4545070440000002e-49 
76.448	1.4542782250000002e-49 
76.624	1.454125689e-49 
76.801	1.4538969000000002e-49 
76.978	1.4536681289999999e-49 
77.155	1.4535156250000003e-49 
77.333	1.4532868839999999e-49 
77.512	1.453058161e-49 
77.69	1.4529056889999998e-49 
77.87	1.452676996e-49 
78.049	1.452448321e-49 
78.229	1.452295881e-49 
78.409	1.452067236e-49 
78.59	1.451914816e-49 
78.772	1.451686201e-49 
78.953	1.451457604e-49 
79.135	1.4513052160000001e-49 
79.318	1.4510766490000002e-49 
79.501	1.4509242810000001e-49 
79.684	1.4506957440000001e-49 
79.868	1.4504672249999998e-49 
80.052	1.4503148890000002e-49 
80.236	1.4500863999999998e-49 
80.421	1.449934084e-49 
80.607	1.449705625e-49 
80.793	1.449553329e-49 
80.979	1.4493248999999998e-49 
81.166	1.449172624e-49 
81.353	1.448944225e-49 
81.541	1.4487919690000002e-49 
81.729	1.4485635999999998e-49 
81.917	1.448411364e-49 
82.106	1.4481830249999998e-49 
82.295	1.4480308090000002e-49 
82.485	1.4478024999999998e-49 
82.675	1.4476503040000002e-49 
82.866	1.447498116e-49 
83.057	1.4472698490000002e-49 
83.249	1.447117681e-49 
83.441	1.4468894440000002e-49 
83.633	1.446737296e-49 
83.826	1.4465090890000001e-49 
84.019	1.446356961e-49 
84.213	1.4462048409999999e-49 
84.407	1.445976676e-49 
84.602	1.445824576e-49 
84.797	1.4456724839999999e-49 
84.992	1.445444361e-49 
85.188	1.445292289e-49 
85.385	1.445064196e-49 
85.582	1.444912144e-49 
85.779	1.4447601e-49 
85.977	1.444532049e-49 
86.175	1.4443800249999998e-49 
86.374	1.444228009e-49 
86.573	1.444076001e-49 
86.773	1.4438480040000002e-49 
86.973	1.443696016e-49 
87.173	1.443544036e-49 
87.374	1.4433160810000001e-49 
87.576	1.443164121e-49 
87.778	1.4430121689999999e-49 
87.98	1.442860225e-49 
88.183	1.4426323239999999e-49 
88.386	1.4424803999999998e-49 
88.59	1.4423284840000002e-49 
88.795	1.442176576e-49 
88.999	1.4419487290000001e-49 
89.205	1.441796841e-49 
89.41	1.4416449609999999e-49 
89.616	1.441493089e-49 
89.823	1.441341225e-49 
90.03	1.4411134439999999e-49 
90.238	1.4409615999999999e-49 
90.446	1.4408097640000001e-49 
90.655	1.440657936e-49 
90.864	1.440506116e-49 
91.073	1.4402784010000001e-49 
91.283	1.440126601e-49 
91.494	1.439974809e-49 
91.705	1.439823025e-49 
91.916	1.4396712490000002e-49 
92.128	1.4395194810000001e-49 
92.34	1.439367721e-49 
92.553	1.439215969e-49 
92.767	1.438988356e-49 
92.981	1.438836624e-49 
93.195	1.4386849e-49 
93.41	1.4385331840000002e-49 
93.625	1.4383814760000001e-49 
93.841	1.438229776e-49 
94.058	1.438078084e-49 
94.275	1.4379264e-49 
94.492	1.4377747240000001e-49 
94.71	1.437623056e-49 
94.928	1.437471396e-49 
95.147	1.437319744e-49 
95.367	1.4371680999999998e-49 
95.587	1.4370164640000001e-49 
95.807	1.4368648360000001e-49 
96.028	1.436713216e-49 
96.249	1.436561604e-49 
96.471	1.43641e-49 
96.694	1.4362584040000002e-49 
96.917	1.4361068160000001e-49 
97.14	1.4359552360000001e-49 
97.364	1.435803664e-49 
97.589	1.4356521e-49 
97.814	1.4355005440000001e-49 
98.039	1.4353489960000002e-49 
98.266	1.4351974560000001e-49 
98.492	1.435045924e-49 
98.719	1.4348944e-49 
98.947	1.434742884e-49 
99.175	1.434591376e-49 
99.404	1.434515625e-49 
99.633	1.4343641290000001e-49 
99.863	1.434212641e-49 
100.09	1.434061161e-49 
100.32	1.433909689e-49 
100.56	1.4337582249999998e-49 
100.79	1.4336067690000001e-49 
101.02	1.4334553210000001e-49 
101.25	1.4333795999999999e-49 
101.49	1.433228164e-49 
101.72	1.4330767360000001e-49 
101.95	1.432925316e-49 
102.19	1.4327739039999999e-49 
102.43	1.4326225e-49 
102.66	1.432546801e-49 
102.9	1.432395409e-49 
103.14	1.4322440249999999e-49 
103.37	1.432092649e-49 
103.61	1.4319412810000001e-49 
103.85	1.4318655999999998e-49 
104.09	1.431714244e-49 
104.33	1.431562896e-49 
104.57	1.431411556e-49 
104.81	1.4313358890000002e-49 
105.05	1.431184561e-49 
105.3	1.4310332410000001e-49 
105.54	1.430881929e-49 
105.78	1.430806276e-49 
106.03	1.430654976e-49 
106.27	1.430503684e-49 
106.52	1.430428041e-49 
106.76	1.430276761e-49 
107.01	1.4301254889999999e-49 
107.25	1.4299742249999998e-49 
107.5	1.429898596e-49 
107.75	1.429747344e-49 
108.0	1.4295961e-49 
108.25	1.429520481e-49 
108.5	1.429369249e-49 
108.75	1.4292180249999998e-49 
109.0	1.4291424160000001e-49 
109.25	1.428991204e-49 
109.5	1.4289156010000001e-49 
109.75	1.428764401e-49 
110.01	1.428613209e-49 
110.26	1.4285376160000001e-49 
110.51	1.428386436e-49 
110.77	1.4283108490000002e-49 
111.02	1.4281596810000001e-49 
111.28	1.428008521e-49 
111.54	1.4279329440000002e-49 
111.79	1.427781796e-49 
112.05	1.4277062249999999e-49 
112.31	1.4275550889999999e-49 
112.57	1.427479524e-49 
112.83	1.4273283999999998e-49 
113.09	1.4271772839999999e-49 
113.35	1.427101729e-49 
113.61	1.4269506249999999e-49 
113.87	1.426875076e-49 
114.14	1.426723984e-49 
114.4	1.4266484410000002e-49 
114.66	1.426497361e-49 
114.93	1.4264218239999998e-49 
115.19	1.4262707560000002e-49 
115.46	1.426195225e-49 
115.72	1.4260441689999998e-49 
115.99	1.425968644e-49 
116.26	1.4258931210000001e-49 
116.53	1.425742081e-49 
116.8	1.4256665639999999e-49 
117.06	1.425515536e-49 
117.33	1.425440025e-49 
117.61	1.425289009e-49 
117.88	1.425213504e-49 
118.15	1.4251380010000002e-49 
118.42	1.424987001e-49 
118.69	1.4249115039999999e-49 
118.97	1.4247605160000002e-49 
119.24	1.424685025e-49 
119.52	1.424609536e-49 
119.79	1.424458564e-49 
120.07	1.424383081e-49 
120.35	1.4243076e-49 
120.62	1.4241566439999998e-49 
120.9	1.424081169e-49 
121.18	1.423930225e-49 
121.46	1.4238547560000001e-49 
121.74	1.4237792889999999e-49 
122.02	1.423703824e-49 
122.3	1.4235529e-49 
122.58	1.423477441e-49 
122.87	1.423401984e-49 
123.15	1.423251076e-49 
123.43	1.423175625e-49 
123.72	1.4231001760000001e-49 
124.0	1.422949284e-49 
124.29	1.4228738410000002e-49 
124.58	1.4227983999999999e-49 
124.86	1.422722961e-49 
125.15	1.422572089e-49 
125.44	1.4224966560000002e-49 
125.73	1.422421225e-49 
126.02	1.422345796e-49 
126.31	1.4222703689999999e-49 
126.6	1.422119521e-49 
126.89	1.4220441e-49 
127.19	1.421968681e-49 
127.48	1.4218932639999998e-49 
127.77	1.421817849e-49 
128.07	1.421667025e-49 
128.36	1.4215916160000001e-49 
128.66	1.4215162089999998e-49 
128.96	1.421440804e-49 
129.25	1.4213654010000001e-49 
129.55	1.42129e-49 
129.85	1.4212146010000001e-49 
130.15	1.421063809e-49 
130.45	1.420988416e-49 
130.75	1.420913025e-49 
131.05	1.4208376360000001e-49 
131.35	1.4207622489999999e-49 
131.66	1.420686864e-49 
131.96	1.4206114810000001e-49 
132.26	1.4205360999999998e-49 
132.57	1.420460721e-49 
132.88	1.4203853439999999e-49 
133.18	1.4202345960000002e-49 
133.49	1.4201592249999999e-49 
133.8	1.420083856e-49 
134.11	1.4200084889999998e-49 
134.41	1.419933124e-49 
134.72	1.4198577610000002e-49 
135.04	1.4197824e-49 
135.35	1.419707041e-49 
135.66	1.419631684e-49 
135.97	1.419556329e-49 
136.29	1.4194809760000002e-49 
136.6	1.419405625e-49 
136.91	1.419330276e-49 
137.23	1.4192549289999998e-49 
137.55	1.419179584e-49 
137.86	1.4191042410000001e-49 
138.18	1.4190289e-49 
138.5	1.4190289e-49 
138.82	1.418953561e-49 
139.14	1.4188782239999998e-49 
139.46	1.418802889e-49 
139.78	1.4187275560000002e-49 
140.1	1.4186522249999999e-49 
140.43	1.418576896e-49 
140.75	1.4185015689999998e-49 
141.08	1.418426244e-49 
141.4	1.418350921e-49 
141.73	1.418350921e-49 
142.05	1.4182756e-49 
142.38	1.418200281e-49 
142.71	1.4181249639999998e-49 
143.04	1.418049649e-49 
143.37	1.4179743360000001e-49 
143.7	1.417899025e-49 
144.03	1.417899025e-49 
144.36	1.417823716e-49 
144.7	1.417748409e-49 
145.03	1.417673104e-49 
145.36	1.4175978010000001e-49 
145.7	1.4175978010000001e-49 
146.04	1.4175224999999999e-49 
146.37	1.4174472010000002e-49 
146.71	1.4173719039999998e-49 
147.05	1.4173719039999998e-49 
147.39	1.417296609e-49 
147.73	1.417221316e-49 
148.07	1.4171460249999999e-49 
148.41	1.4171460249999999e-49 
148.75	1.417070736e-49 
149.09	1.416995449e-49 
149.44	1.416995449e-49 
149.78	1.416920164e-49 
150.13	1.4168448810000002e-49 
150.47	1.4167696e-49 
150.82	1.4167696e-49 
151.17	1.416694321e-49 
151.52	1.416619044e-49 
151.87	1.416619044e-49 
152.22	1.416543769e-49 
152.57	1.416543769e-49 
152.92	1.4164684960000001e-49 
153.27	1.416393225e-49 
153.63	1.416393225e-49 
153.98	1.4163179560000002e-49 
154.34	1.4163179560000002e-49 
154.69	1.416242689e-49 
155.05	1.416167424e-49 
155.41	1.416167424e-49 
155.76	1.4160921610000002e-49 
156.12	1.4160921610000002e-49 
156.48	1.4160168999999999e-49 
156.84	1.4160168999999999e-49 
157.21	1.415941641e-49 
157.57	1.415941641e-49 
157.93	1.4158663839999999e-49 
158.3	1.415791129e-49 
158.66	1.415791129e-49 
159.03	1.4157158760000002e-49 
159.39	1.4157158760000002e-49 
159.76	1.4157158760000002e-49 
160.13	1.415640625e-49 
160.5	1.415640625e-49 
160.87	1.415565376e-49 
161.24	1.415565376e-49 
161.61	1.4154901289999998e-49 
161.98	1.4154901289999998e-49 
162.36	1.415414884e-49 
162.73	1.415414884e-49 
163.11	1.415414884e-49 
163.48	1.4153396410000002e-49 
163.86	1.4153396410000002e-49 
164.24	1.4152644e-49 
164.62	1.4152644e-49 
165.0	1.4152644e-49 
165.38	1.415189161e-49 
165.76	1.415189161e-49 
166.14	1.415189161e-49 
166.52	1.415113924e-49 
166.91	1.415113924e-49 
167.29	1.415113924e-49 
167.68	1.415038689e-49 
168.07	1.415038689e-49 
168.45	1.415038689e-49 
168.84	1.4149634560000002e-49 
169.23	1.4149634560000002e-49 
169.62	1.4149634560000002e-49 
170.01	1.4149634560000002e-49 
170.4	1.414888225e-49 
170.8	1.414888225e-49 
171.19	1.414888225e-49 
171.59	1.414888225e-49 
171.98	1.414812996e-49 
172.38	1.414812996e-49 
172.78	1.414812996e-49 
173.17	1.414812996e-49 
173.57	1.414812996e-49 
173.97	1.414812996e-49 
174.37	1.4147377689999998e-49 
174.78	1.4147377689999998e-49 
175.18	1.4147377689999998e-49 
175.58	1.4147377689999998e-49 
175.99	1.4147377689999998e-49 
176.39	1.4147377689999998e-49 
176.8	1.4147377689999998e-49 
177.21	1.414662544e-49 
177.62	1.414662544e-49 
178.03	1.414662544e-49 
178.44	1.414662544e-49 
178.85	1.414662544e-49 
179.26	1.414662544e-49 
179.68	1.414662544e-49 
180.09	1.414662544e-49 
180.5	1.414662544e-49 
180.92	1.414662544e-49 
181.34	1.414662544e-49 
181.76	1.414662544e-49 
182.18	1.414662544e-49 
182.6	1.414662544e-49 
183.02	1.414662544e-49 
183.44	1.414662544e-49 
183.86	1.414662544e-49 
184.29	1.414662544e-49 
184.71	1.414662544e-49 
185.14	1.414662544e-49 
185.56	1.414662544e-49 
185.99	1.414662544e-49 
186.42	1.414662544e-49 
186.85	1.4147377689999998e-49 
187.28	1.4147377689999998e-49 
187.71	1.4147377689999998e-49 
188.15	1.4147377689999998e-49 
188.58	1.4147377689999998e-49 
189.01	1.4147377689999998e-49 
189.45	1.4147377689999998e-49 
189.89	1.414812996e-49 
190.33	1.414812996e-49 
190.76	1.414812996e-49 
191.2	1.414812996e-49 
191.65	1.414812996e-49 
192.09	1.414888225e-49 
192.53	1.414888225e-49 
192.97	1.414888225e-49 
193.42	1.414888225e-49 
193.87	1.4149634560000002e-49 
194.31	1.4149634560000002e-49 
194.76	1.4149634560000002e-49 
195.21	1.4149634560000002e-49 
195.66	1.415038689e-49 
196.11	1.415038689e-49 
196.56	1.415038689e-49 
197.02	1.415113924e-49 
197.47	1.415113924e-49 
197.93	1.415113924e-49 
198.38	1.415189161e-49 
198.84	1.415189161e-49 
199.3	1.415189161e-49 
199.76	1.4152644e-49 
200.22	1.4152644e-49 
200.68	1.4153396410000002e-49 
201.14	1.4153396410000002e-49 
201.61	1.415414884e-49 
202.07	1.415414884e-49 
202.54	1.415414884e-49 
203.0	1.4154901289999998e-49 
203.47	1.4154901289999998e-49 
203.94	1.415565376e-49 
204.41	1.415565376e-49 
204.88	1.415640625e-49 
205.36	1.415640625e-49 
205.83	1.4157158760000002e-49 
206.3	1.4157158760000002e-49 
206.78	1.415791129e-49 
207.26	1.4158663839999999e-49 
207.73	1.4158663839999999e-49 
208.21	1.415941641e-49 
208.69	1.415941641e-49 
209.18	1.4160168999999999e-49 
209.66	1.4160921610000002e-49 
210.14	1.4160921610000002e-49 
210.63	1.416167424e-49 
211.11	1.416167424e-49 
211.6	1.416242689e-49 
212.09	1.4163179560000002e-49 
212.58	1.4163179560000002e-49 
213.07	1.416393225e-49 
213.56	1.4164684960000001e-49 
214.05	1.416543769e-49 
214.54	1.416543769e-49 
215.04	1.416619044e-49 
215.53	1.416694321e-49 
216.03	1.4167696e-49 
216.53	1.4167696e-49 
217.03	1.4168448810000002e-49 
217.53	1.416920164e-49 
218.03	1.416995449e-49 
218.53	1.417070736e-49 
219.04	1.417070736e-49 
219.54	1.4171460249999999e-49 
220.05	1.417221316e-49 
220.56	1.417296609e-49 
221.06	1.4173719039999998e-49 
221.57	1.4174472010000002e-49 
222.08	1.4175224999999999e-49 
222.6	1.4175978010000001e-49 
223.11	1.417673104e-49 
223.62	1.417673104e-49 
224.14	1.417748409e-49 
224.66	1.417823716e-49 
225.18	1.417899025e-49 
225.69	1.4179743360000001e-49 
226.22	1.418049649e-49 
226.74	1.4181249639999998e-49 
227.26	1.418200281e-49 
227.78	1.4182756e-49 
228.31	1.418350921e-49 
228.84	1.4185015689999998e-49 
229.36	1.418576896e-49 
229.89	1.4186522249999999e-49 
230.42	1.4187275560000002e-49 
230.95	1.418802889e-49 
231.49	1.4188782239999998e-49 
232.02	1.418953561e-49 
232.56	1.4190289e-49 
233.09	1.419179584e-49 
233.63	1.4192549289999998e-49 
234.17	1.419330276e-49 
234.71	1.419405625e-49 
235.25	1.4194809760000002e-49 
235.79	1.419631684e-49 
236.34	1.419707041e-49 
236.88	1.4197824e-49 
237.43	1.4198577610000002e-49 
237.97	1.4200084889999998e-49 
238.52	1.420083856e-49 
239.07	1.4201592249999999e-49 
239.62	1.420309969e-49 
240.18	1.4203853439999999e-49 
240.73	1.420460721e-49 
241.29	1.4206114810000001e-49 
241.84	1.420686864e-49 
242.4	1.4208376360000001e-49 
242.96	1.420913025e-49 
243.52	1.420988416e-49 
244.08	1.4211392039999999e-49 
244.64	1.4212146010000001e-49 
245.21	1.4213654010000001e-49 
245.77	1.421440804e-49 
246.34	1.4215916160000001e-49 
246.91	1.421667025e-49 
247.48	1.421817849e-49 
248.05	1.4218932639999998e-49 
248.62	1.4220441e-49 
249.19	1.422119521e-49 
249.77	1.4222703689999999e-49 
250.34	1.422421225e-49 
250.92	1.4224966560000002e-49 
251.5	1.4226475239999999e-49 
252.08	1.4227983999999999e-49 
252.66	1.4228738410000002e-49 
253.24	1.423024729e-49 
253.83	1.423175625e-49 
254.41	1.423251076e-49 
255.0	1.423401984e-49 
255.59	1.4235529e-49 
256.18	1.4236283610000002e-49 
256.77	1.4237792889999999e-49 
257.36	1.423930225e-49 
257.95	1.424081169e-49 
258.55	1.424232121e-49 
259.14	1.4243076e-49 
259.74	1.424458564e-49 
260.34	1.424609536e-49 
260.94	1.4247605160000002e-49 
261.54	1.4249115039999999e-49 
262.15	1.4250624999999998e-49 
262.75	1.425213504e-49 
263.36	1.4253645160000001e-49 
263.96	1.425515536e-49 
264.57	1.4256665639999999e-49 
265.18	1.4258176e-49 
265.79	1.425968644e-49 
266.41	1.4261196960000001e-49 
267.02	1.4262707560000002e-49 
267.64	1.4264218239999998e-49 
268.25	1.4265729e-49 
268.87	1.426723984e-49 
269.49	1.426875076e-49 
270.11	1.4270261760000002e-49 
270.74	1.4271772839999999e-49 
271.36	1.4274039610000001e-49 
271.99	1.4275550889999999e-49 
272.61	1.4277062249999999e-49 
273.24	1.427857369e-49 
273.87	1.428008521e-49 
274.5	1.428235264e-49 
275.14	1.428386436e-49 
275.77	1.4285376160000001e-49 
276.41	1.428688804e-49 
277.05	1.4289156010000001e-49 
277.68	1.4290668090000001e-49 
278.32	1.4292180249999998e-49 
278.97	1.4294448640000002e-49 
279.61	1.4295961e-49 
280.25	1.4298229690000002e-49 
280.9	1.4299742249999998e-49 
281.55	1.4302011240000002e-49 
282.2	1.4303523999999998e-49 
282.85	1.430503684e-49 
283.5	1.4307306249999998e-49 
284.15	1.430881929e-49 
284.81	1.4311088999999998e-49 
285.47	1.4313358890000002e-49 
286.13	1.431487225e-49 
286.78	1.431714244e-49 
287.45	1.4318655999999998e-49 
288.11	1.432092649e-49 
288.77	1.432319716e-49 
289.44	1.4324711040000002e-49 
290.11	1.4326982010000001e-49 
290.78	1.432925316e-49 
291.45	1.4330767360000001e-49 
292.12	1.433303881e-49 
292.79	1.433531044e-49 
293.47	1.4337582249999998e-49 
294.14	1.4339854240000001e-49 
294.82	1.4341368999999999e-49 
295.5	1.4343641290000001e-49 
296.18	1.434591376e-49 
296.87	1.434818641e-49 
297.55	1.435045924e-49 
298.24	1.435273225e-49 
298.92	1.4355005440000001e-49 
299.61	1.4357278810000002e-49 
300.31	1.4359552360000001e-49 
301.0	1.436182609e-49 
301.69	1.43641e-49 
302.39	1.4366374090000002e-49 
303.08	1.4368648360000001e-49 
303.78	1.437092281e-49 
304.48	1.437319744e-49 
305.19	1.4375472249999998e-49 
305.89	1.437850561e-49 
306.6	1.438078084e-49 
307.3	1.4383056249999998e-49 
308.01	1.4385331840000002e-49 
308.72	1.438760761e-49 
309.43	1.439064225e-49 
310.15	1.439291844e-49 
310.86	1.4395194810000001e-49 
311.58	1.439823025e-49 
312.3	1.440050704e-49 
313.02	1.4402784010000001e-49 
313.74	1.4405820249999998e-49 
314.46	1.4408097640000001e-49 
315.19	1.4411134439999999e-49 
315.91	1.441341225e-49 
316.64	1.4416449609999999e-49 
317.37	1.4418727839999998e-49 
318.11	1.442176576e-49 
318.84	1.442404441e-49 
319.57	1.442708289e-49 
320.31	1.4430121689999999e-49 
321.05	1.4432400999999998e-49 
321.79	1.443544036e-49 
322.53	1.4438480040000002e-49 
323.28	1.444076001e-49 
324.02	1.4443800249999998e-49 
324.77	1.444684081e-49 
325.52	1.4449881690000002e-49 
326.27	1.445292289e-49 
327.02	1.4455203999999999e-49 
327.77	1.445824576e-49 
328.53	1.446128784e-49 
329.29	1.4464330239999998e-49 
330.05	1.446737296e-49 
330.81	1.4470415999999998e-49 
331.57	1.447345936e-49 
332.34	1.447726401e-49 
333.1	1.4480308090000002e-49 
333.87	1.4483352489999998e-49 
334.64	1.4487158439999999e-49 
335.41	1.4490203560000001e-49 
336.19	1.449401041e-49 
336.96	1.4498579289999998e-49 
337.74	1.4503148890000002e-49 
338.52	1.4510004639999999e-49 
339.3	1.452295881e-49 
340.08	1.4564908959999999e-49 
340.86	1.553069281e-49 
341.65	1.4712594489999998e-49 
342.44	1.4550410250000001e-49 
343.23	1.4533631290000002e-49 
344.02	1.4531344000000001e-49 
344.81	1.4532106410000001e-49 
345.61	1.4533631290000002e-49 
346.4	1.4536681289999999e-49 
347.2	1.453973161e-49 
348.0	1.4542782250000002e-49 
348.81	1.454583321e-49 
349.61	1.454964736e-49 
350.42	1.455269904e-49 
351.23	1.4555751039999998e-49 
352.04	1.4559566489999998e-49 
352.85	1.456338244e-49 
353.66	1.456643556e-49 
354.48	1.457025241e-49 
355.29	1.457406976e-49 
356.11	1.457788761e-49 
356.93	1.458170596e-49 
357.76	1.4584761000000002e-49 
358.58	1.458858025e-49 
359.41	1.4592400000000001e-49 
360.24	1.4596220250000001e-49 
361.07	1.4600041000000003e-49 
361.9	1.4603862250000002e-49 
362.74	1.4607684e-49 
363.57	1.4611506250000001e-49 
364.41	1.461609361e-49 
365.25	1.461991696e-49 
366.09	1.462374081e-49 
366.94	1.462756516e-49 
367.78	1.463139001e-49 
368.63	1.4635980489999999e-49 
369.48	1.463980644e-49 
370.33	1.4643632889999998e-49 
371.19	1.4648225290000001e-49 
372.04	1.4652052840000001e-49 
372.9	1.4656646559999999e-49 
373.76	1.4660475209999998e-49 
374.62	1.4665070250000001e-49 
375.49	1.46689e-49 
376.35	1.467349636e-49 
377.22	1.467732721e-49 
378.09	1.4681924889999998e-49 
378.96	1.4686523290000001e-49 
379.84	1.469035584e-49 
380.71	1.4694955559999999e-49 
381.59	1.4699556000000002e-49 
382.47	1.4704157159999999e-49 
383.35	1.4708759039999998e-49 
384.24	1.471336164e-49 
385.12	1.471796496e-49 
386.01	1.4721801609999998e-49 
386.9	1.4726406250000001e-49 
387.79	1.4731779239999999e-49 
388.69	1.473638544e-49 
389.58	1.4740992359999999e-49 
390.48	1.4745600000000001e-49 
391.38	1.475020836e-49 
392.28	1.4754817439999997e-49 
393.19	1.4760195609999998e-49 
394.1	1.4764806250000001e-49 
395.0	1.476941761e-49 
395.92	1.477402969e-49 
396.83	1.477941136e-49 
397.74	1.4784025e-49 
398.66	1.4789408490000003e-49 
399.58	1.479402369e-49 
400.5	1.4799409000000001e-49 
401.43	1.480402576e-49 
402.35	1.480941289e-49 
403.28	1.4814801000000001e-49 
404.21	1.481942016e-49 
405.14	1.482481009e-49 
406.08	1.4830201000000001e-49 
407.01	1.4835592890000002e-49 
407.95	1.484098576e-49 
408.89	1.484637961e-49 
409.83	1.485177444e-49 
410.78	1.4857170250000001e-49 
411.73	1.4862567040000001e-49 
412.68	1.4867964809999998e-49 
413.63	1.487336356e-49 
414.58	1.487876329e-49 
415.54	1.4884164e-49 
416.5	1.488956569e-49 
417.46	1.489574025e-49 
418.42	1.4901144040000002e-49 
419.38	1.4906548809999998e-49 
420.35	1.491272689e-49 
421.32	1.491813376e-49 
422.29	1.4924314240000002e-49 
423.27	1.4929723209999998e-49 
424.24	1.493590609e-49 
425.22	1.4941317159999999e-49 
426.2	1.4947502440000002e-49 
427.18	1.4953689000000001e-49 
428.17	1.4959103290000002e-49 
429.16	1.496529225e-49 
430.15	1.497148249e-49 
431.14	1.4977674009999999e-49 
432.13	1.4983866809999999e-49 
433.13	1.499006089e-49 
434.13	1.499625625e-49 
435.13	1.500245289e-49 
436.13	1.500865081e-49 
437.14	1.5014850009999998e-49 
438.14	1.5021050490000001e-49 
439.16	1.5028027559999998e-49 
440.17	1.5034230760000002e-49 
441.18	1.504043524e-49 
442.2	1.5047416809999998e-49 
443.22	1.5053624010000002e-49 
444.24	1.506060864e-49 
445.27	1.5066818559999998e-49 
446.29	1.507380625e-49 
447.32	1.508001889e-49 
448.35	1.508700964e-49 
449.39	1.5094002009999998e-49 
450.42	1.5100996e-49 
451.46	1.5107991610000001e-49 
452.5	1.511421129e-49 
453.55	1.5121209959999999e-49 
454.59	1.512821025e-49 
455.64	1.5135212160000002e-49 
456.69	1.5142215689999999e-49 
457.75	1.514999929e-49 
458.8	1.5157006240000001e-49 
459.86	1.5164014809999998e-49 
460.92	1.5171025e-49 
461.98	1.5178816e-49 
463.05	1.5185829610000002e-49 
464.12	1.519362441e-49 
465.19	1.5200641439999999e-49 
466.26	1.5208440039999999e-49 
467.33	1.5215460490000001e-49 
468.41	1.522326289e-49 
469.49	1.5231067290000001e-49 
470.57	1.5238092959999999e-49 
471.66	1.5245901159999999e-49 
472.75	1.5253711359999999e-49 
473.84	1.5261523559999998e-49 
474.93	1.5269337759999998e-49 
476.02	1.5277153960000002e-49 
477.12	1.5284972160000002e-49 
478.22	1.529357449e-49 
479.33	1.530139689e-49 
480.43	1.530922129e-49 
481.54	1.531704769e-49 
482.65	1.5325659039999999e-49 
483.76	1.5333489639999999e-49 
484.88	1.5342105610000001e-49 
486.0	1.5349940410000001e-49 
487.12	1.5358560999999999e-49 
488.24	1.5367184010000002e-49 
489.37	1.537580944e-49 
490.49	1.538365284e-49 
491.63	1.5392282889999999e-49 
492.76	1.540091536e-49 
493.9	1.5409550249999999e-49 
495.03	1.5418187560000001e-49 
496.18	1.542682729e-49 
497.32	1.5436255210000001e-49 
498.47	1.54449e-49 
499.62	1.545354721e-49 
500.77	1.5462983289999998e-49 
501.92	1.547163556e-49 
503.08	1.548107716e-49 
504.24	1.5489734489999999e-49 
505.4	1.549918161e-49 
506.57	1.5508631610000002e-49 
507.74	1.551729664e-49 
508.91	1.552675216e-49 
510.08	1.553621056e-49 
511.26	1.5545671840000001e-49 
512.44	1.5555135999999998e-49 
513.62	1.556460304e-49 
514.8	1.557407296e-49 
515.99	1.5584335289999999e-49 
517.18	1.559381121e-49 
518.37	1.560329001e-49 
519.57	1.561356196e-49 
520.77	1.562304676e-49 
521.97	1.563332521e-49 
523.17	1.5643607039999999e-49 
524.38	1.565310096e-49 
525.59	1.566338929e-49 
526.8	1.5673681e-49 
528.01	1.568397609e-49 
529.23	1.569427456e-49 
530.45	1.570457641e-49 
531.67	1.571488164e-49 
532.9	1.572598336e-49 
534.13	1.573629561e-49 
535.36	1.5746611239999999e-49 
536.6	1.5757724160000001e-49 
537.83	1.5768046809999999e-49 
539.07	1.5779167290000001e-49 
540.32	1.5790291689999998e-49 
541.56	1.5800625000000002e-49 
542.81	1.5811756959999999e-49 
544.06	1.582289284e-49 
545.32	1.5834032639999999e-49 
546.57	1.5845176360000001e-49 
547.84	1.585712041e-49 
549.1	1.5868272250000002e-49 
550.36	1.587942801e-49 
551.63	1.589138496e-49 
552.91	1.590254884e-49 
554.18	1.5914514490000002e-49 
555.46	1.5925686489999999e-49 
556.74	1.5937660839999999e-49 
558.02	1.5949639689999998e-49 
559.31	1.5961623039999998e-49 
560.6	1.5973610889999999e-49 
561.89	1.5985603239999998e-49 
563.19	1.5997600089999999e-49 
564.49	1.6009601439999999e-49 
565.79	1.602240784e-49 
567.09	1.603441849e-49 
568.4	1.604643364e-49 
569.71	1.6059254759999999e-49 
571.03	1.6072081000000001e-49 
572.34	1.6084110250000001e-49 
573.66	1.6096946409999999e-49 
574.99	1.6109787690000003e-49 
576.31	1.612263409e-49 
577.64	1.6135485609999998e-49 
578.97	1.6149145959999999e-49 
580.31	1.6162008040000001e-49 
581.65	1.617487524e-49 
582.99	1.6188552250000001e-49 
584.33	1.6201430009999998e-49 
585.68	1.621511824e-49 
587.03	1.622881225e-49 
588.38	1.6242512040000002e-49 
589.74	1.6256217609999998e-49 
591.1	1.626992896e-49 
592.46	1.628364609e-49 
593.83	1.6297369e-49 
595.2	1.631109769e-49 
596.57	1.632564025e-49 
597.95	1.633938084e-49 
599.33	1.6353936e-49 
600.71	1.636849764e-49 
602.09	1.6383065759999999e-49 
603.48	1.6397640360000001e-49 
604.87	1.6412221440000002e-49 
606.27	1.6426809e-49 
607.67	1.644140304e-49 
609.07	1.6456003559999998e-49 
610.47	1.647142225e-49 
611.88	1.648603609e-49 
613.29	1.650146884e-49 
614.7	1.6516908809999998e-49 
616.12	1.6532356e-49 
617.54	1.6547810410000001e-49 
618.97	1.6563272039999998e-49 
620.39	1.657874089e-49 
621.83	1.6594216960000002e-49 
623.26	1.6610515360000002e-49 
624.7	1.6626006249999999e-49 
626.14	1.6642320249999999e-49 
627.58	1.6657825960000002e-49 
629.03	1.6674155560000001e-49 
630.48	1.669049316e-49 
631.93	1.6706838760000001e-49 
633.39	1.672319236e-49 
634.85	1.6740372249999999e-49 
636.31	1.675674225e-49 
637.78	1.6773939360000001e-49 
639.25	1.679032576e-49 
640.73	1.6807540089999999e-49 
642.2	1.6824763239999998e-49 
643.68	1.684199521e-49 
645.17	1.6859235999999998e-49 
646.66	1.6876485610000001e-49 
648.15	1.6894566090000002e-49 
649.64	1.691183376e-49 
651.14	1.6929933160000001e-49 
652.64	1.694721889e-49 
654.15	1.696533721e-49 
655.66	1.6983465210000002e-49 
657.17	1.7001602890000002e-49 
658.68	1.701975025e-49 
660.2	1.703873284e-49 
661.72	1.7056899999999997e-49 
663.25	1.7075903290000001e-49 
664.78	1.7094917160000001e-49 
666.31	1.711311424e-49 
667.85	1.7132148809999995e-49 
669.39	1.715202225e-49 
670.93	1.7171078439999997e-49 
672.48	1.7190145209999996e-49 
674.03	1.721005225e-49 
675.59	1.7229140639999996e-49 
677.14	1.724907024e-49 
678.7	1.726984249e-49 
680.27	1.729145889e-49 
681.84	1.737139041e-49 
683.41	1.733473225e-49 
684.99	1.7350557160000003e-49 
686.57	1.7370556839999998e-49 
688.15	1.739056804e-49 
689.74	1.7411425290000003e-49 
691.33	1.7432295039999996e-49 
692.92	1.7453177290000003e-49 
694.52	1.747490809e-49 
696.12	1.7495815839999996e-49 
697.73	1.7517573160000002e-49 
699.33	1.7538506409999998e-49 
700.95	1.756029025e-49 
702.56	1.7582087610000004e-49 
704.18	1.760389849e-49 
705.81	1.7626562560000003e-49 
707.44	1.7648401e-49 
709.07	1.767109369e-49 
710.7	1.769380096e-49 
712.34	1.7715681e-49 
713.98	1.7739259240000003e-49 
715.63	1.7762010249999997e-49 
717.28	1.7784775839999997e-49 
718.93	1.7808399999999998e-49 
720.59	1.783119529e-49 
722.25	1.7854850250000004e-49 
723.92	1.7878520889999998e-49 
725.59	1.7902207210000002e-49 
727.26	1.7926756e-49 
728.94	1.7950474240000004e-49 
730.62	1.797505609e-49 
732.3	1.799965476e-49 
733.99	1.8024270250000002e-49 
735.69	1.804890256e-49 
737.38	1.8073551689999998e-49 
739.08	1.809906849e-49 
740.79	1.8123751840000004e-49 
742.5	1.8149304040000003e-49 
744.21	1.8174874240000005e-49 
745.92	1.8200462440000004e-49 
747.64	1.8226922489999998e-49 
749.37	1.8252547289999998e-49 
751.1	1.827904516e-49 
752.83	1.8305562250000004e-49 
754.56	1.8332098559999996e-49 
756.3	1.835865409e-49 
758.05	1.8385228840000003e-49 
759.8	1.8412681e-49 
761.55	1.8440153640000003e-49 
763.3	1.846764676e-49 
765.06	1.8495160359999997e-49 
766.83	1.8522694440000003e-49 
768.6	1.855111041e-49 
770.37	1.8578686089999997e-49 
772.15	1.8607144959999998e-49 
773.93	1.8635625610000004e-49 
775.71	1.8664128040000002e-49 
777.5	1.8693516960000003e-49 
779.29	1.872206361e-49 
781.09	1.875149809e-49 
782.89	1.8780955689999997e-49 
784.7	1.881043641e-49 
786.51	1.8840808360000002e-49 
788.32	1.8870335999999997e-49 
790.14	1.890075625e-49 
791.96	1.8931200999999997e-49 
793.79	1.896167025e-49 
795.62	1.899303561e-49 
797.45	1.902355456e-49 
799.29	1.905497104e-49 
801.13	1.908641344e-49 
802.98	1.911875625e-49 
804.83	1.915025121e-49 
806.69	1.918264804e-49 
808.55	1.921419556e-49 
810.41	1.924752384e-49 
812.28	1.9280002810000002e-49 
814.16	1.931250916e-49 
816.03	1.934592256e-49 
817.91	1.937936484e-49 
819.8	1.9412836e-49 
821.69	1.944633604e-49 
823.59	1.9480747690000003e-49 
825.49	1.9515189760000003e-49 
827.39	1.954966225e-49 
829.3	1.9584165159999997e-49 
831.21	1.9619584359999995e-49 
833.13	1.965414889e-49 
835.05	1.968963129e-49 
836.97	1.9726033959999995e-49 
838.9	1.9761581160000005e-49 
840.84	1.9798050249999997e-49 
842.78	1.983366225e-49 
844.72	1.9871089290000002e-49 
846.67	1.9907659239999997e-49 
848.62	1.994426281e-49 
850.58	1.9981794009999995e-49 
852.54	2.001936049e-49 
854.5	2.005785796e-49 
856.47	2.0095495839999996e-49 
858.45	2.0134066410000003e-49 
860.43	2.0172673960000003e-49 
862.41	2.0211318490000004e-49 
864.4	2.0250900010000003e-49 
866.4	2.0290520249999997e-49 
868.39	2.0330179209999997e-49 
870.4	2.036987689e-49 
872.4	2.0410516840000002e-49 
874.41	2.045119729e-49 
876.43	2.0491918240000005e-49 
878.45	2.053267969e-49 
880.48	2.0574388809999996e-49 
882.51	2.0616140249999997e-49 
884.54	2.0657934010000004e-49 
886.58	2.069977009e-49 
888.63	2.0742559360000003e-49 
890.68	2.078539281e-49 
892.73	2.0828270440000004e-49 
894.79	2.0871192250000005e-49 
896.85	2.091507289e-49 
898.92	2.095899961e-49 
900.99	2.1003889e-49 
903.07	2.104790884e-49 
905.15	2.109289329e-49 
907.24	2.1137925759999997e-49 
909.33	2.1183926759999996e-49 
911.43	2.1229977759999997e-49 
913.53	2.1276078759999995e-49 
915.64	2.1322229759999995e-49 
917.75	2.1369355289999998e-49 
919.87	2.1415607289999997e-49 
921.99	2.1463762410000005e-49 
924.11	2.1511043999999998e-49 
926.25	2.1559306240000002e-49 
928.38	2.1607622559999997e-49 
930.52	2.165692369e-49 
932.67	2.1705349210000003e-49 
934.82	2.175476164e-49 
936.97	2.1805164160000002e-49 
939.13	2.1854690010000002e-49 
941.3	2.1905208090000003e-49 
943.47	2.195672164e-49 
945.65	2.200735744e-49 
947.83	2.2058990889999997e-49 
950.01	2.211068484e-49 
952.2	2.216338084e-49 
954.4	2.221613956e-49 
956.6	2.2268961000000003e-49 
958.81	2.2322790089999997e-49 
961.02	2.237573809e-49 
963.23	2.2430643209999998e-49 
965.45	2.2484667239999997e-49 
967.68	2.253970576e-49 
969.91	2.2594811559999996e-49 
972.15	2.2650936490000002e-49 
974.39	2.270713104e-49 
976.64	2.2763395209999996e-49 
978.89	2.2819729000000004e-49 
981.15	2.2877089000000003e-49 
983.41	2.2935478809999995e-49 
985.68	2.2992984009999996e-49 
987.95	2.305152144e-49 
990.23	2.3111094760000003e-49 
992.51	2.3169782249999996e-49 
994.8	2.322950809e-49 
997.1	2.3290276000000002e-49 
999.39	2.335112329e-49 
1001.7	2.3412049959999998e-49 
1004.0	2.3473056009999996e-49 
1006.3	2.3535111689999998e-49 
1008.6	2.359724929e-49 
1011.0	2.3660441639999997e-49 
1013.3	2.372371849e-49 
1015.6	2.3788055289999997e-49 
1018.0	2.385150244e-49 
1020.3	2.3916990250000003e-49 
1022.7	2.3989424409999998e-49 
1025.0	2.4048235209999994e-49 
1027.4	2.4113992359999996e-49 
1029.8	2.4179839289999997e-49 
1032.1	2.424676081e-49 
1034.5	2.4314761e-49 
1036.9	2.4382856410000004e-49 
1039.3	2.445104704e-49 
1041.7	2.452032324e-49 
1044.1	2.458969744e-49 
1046.5	2.4660162810000004e-49 
1048.9	2.4730728999999996e-49 
1051.3	2.480139601e-49 
1053.8	2.4873161289999995e-49 
1056.2	2.494503025e-49 
1058.6	2.501800324e-49 
1061.1	2.5091082809999998e-49 
1063.5	2.5164268959999998e-49 
1066.0	2.5238566439999998e-49 
1068.4	2.5313979690000003e-49 
1070.9	2.538950544e-49 
1073.4	2.546514369e-49 
1075.8	2.554089444e-49 
1078.3	2.561878225e-49 
1080.8	2.5695774809999998e-49 
1083.3	2.5773898239999997e-49 
1085.8	2.585315716e-49 
1088.3	2.5932537760000005e-49 
1090.8	2.601204004e-49 
1093.3	2.6092685609999994e-49 
1095.8	2.6173456000000003e-49 
1098.4	2.6255376e-49 
1100.9	2.6337424000000003e-49 
1103.4	2.6420628010000003e-49 
1106.0	2.6503963239999997e-49 
1108.5	2.6588460960000004e-49 
1111.1	2.667309316e-49 
1113.7	2.675889441e-49 
1116.2	2.6844833439999995e-49 
1118.8	2.693194816e-49 
1121.4	2.7019203999999998e-49 
1124.0	2.7107642250000006e-49 
1126.6	2.7196224999999997e-49 
1129.2	2.7284952250000003e-49 
1131.8	2.7374870410000003e-49 
1134.4	2.7465984640000003e-49 
1137.0	2.7557250250000003e-49 
1139.6	2.7649718889999996e-49 
1142.2	2.774234241e-49 
1144.9	2.7836175999999997e-49 
1147.5	2.7930168010000005e-49 
1150.2	2.8025377210000005e-49 
1152.8	2.8120748410000002e-49 
1155.5	2.8217343999999995e-49 
1158.1	2.8314105209999998e-49 
1160.8	2.8412098090000006e-49 
1163.5	2.851026025e-49 
1166.2	2.8609661439999998e-49 
1168.9	2.871030724e-49 
1171.5	2.8811129760000004e-49 
1174.2	2.8913204409999997e-49 
1177.0	2.901545956e-49 
1179.7	2.9117895209999998e-49 
1182.4	2.922267364e-49 
1185.1	2.9327640249999998e-49 
1187.9	2.943279504e-49 
1190.6	2.9539225000000002e-49 
1193.3	2.9646936009999998e-49 
1196.1	2.9754843039999996e-49 
1198.8	2.9864039039999995e-49 
1201.6	2.9973435039999996e-49 
1204.4	3.008412801e-49 
1207.2	3.0195025e-49 
1209.9	3.0307227039999997e-49 
1212.7	3.0420740250000003e-49 
1215.5	3.0535570809999998e-49 
1218.3	3.0649510439999995e-49 
1221.1	3.076588089e-49 
1224.0	3.0882471840000004e-49 
1226.8	3.1000396840000002e-49 
1229.6	3.111854656e-49 
1232.4	3.123803881e-49 
1235.3	3.1358880010000005e-49 
1238.1	3.1479954489999996e-49 
1241.0	3.1602386560000004e-49 
1243.9	3.1726182760000005e-49 
1246.7	3.1850220960000005e-49 
1249.6	3.1975632089999996e-49 
1252.5	3.2102422810000004e-49 
1255.4	3.222946441e-49 
1258.3	3.2357894559999997e-49 
1261.2	3.2486580089999996e-49 
1264.1	3.261780544e-49 
1267.0	3.274815076e-49 
1269.9	3.288104964e-49 
1272.8	3.3014217639999995e-49 
1275.8	3.314880625e-49 
1278.7	3.328482249e-49 
1281.7	3.3421117210000006e-49 
1284.6	3.3558849e-49 
1287.6	3.3698025000000002e-49 
1290.5	3.3837489e-49 
1293.5	3.3978406810000002e-49 
1296.5	3.4120785689999997e-49 
1299.5	3.426463296e-49 
1302.5	3.440878280999999e-49 
1305.5	3.455441089e-49 
1308.5	3.470152464e-49 
1311.5	3.484895089e-49 
1314.5	3.4999056e-49 
1317.6	3.514948369e-49 
1320.6	3.530023396e-49 
1323.7	3.545368848999999e-49 
1326.7	3.560747584e-49 
1329.8	3.576279204e-49 
1332.8	3.591964489e-49 
1335.9	3.607684096e-49 
1339.0	3.623678808999999e-49 
1342.1	3.639708900000001e-49 
1345.2	3.6558952959999995e-49 
1348.3	3.672238801e-49 
1351.4	3.688618756000001e-49 
1354.5	3.7051569e-49 
1357.6	3.721976063999999e-49 
1360.8	3.738833316e-49 
1363.9	3.756586681000001e-49 
1367.0	3.772907776e-49 
1370.2	3.790126096e-49 
1373.4	3.807507025e-49 
1376.5	3.825051409e-49 
1379.7	3.8427601e-49 
1382.9	3.860633956e-49 
1386.1	3.878673841e-49 
1389.3	3.896755776e-49 
1392.5	3.9150049e-49 
1395.7	3.933547524e-49 
1398.9	3.9521339560000004e-49 
1402.1	3.9708902250000005e-49 
1405.4	3.9896908959999995e-49 
1408.6	4.0087892249999996e-49 
1411.8	4.028060089e-49 
1415.1	4.047377161e-49 
1418.4	4.0669955290000005e-49 
1421.6	4.0866613290000006e-49 
1424.9	4.106502724e-49 
1428.2	4.126520644e-49 
1431.5	4.146716024999999e-49 
1434.8	4.167089809e-49 
1438.1	4.1876429439999995e-49 
1441.4	4.208376384e-49 
1444.7	4.229291089e-49 
1448.1	4.2503880250000006e-49 
1451.4	4.271668164000001e-49 
1454.8	4.293001441e-49 
1458.1	4.314650596e-49 
1461.5	4.336485904e-49 
1464.8	4.3585083610000006e-49 
1468.2	4.380586596000001e-49 
1471.6	4.402986025e-49 
1475.0	4.425575625e-49 
1478.4	4.448223025e-49 
1481.8	4.471195689000001e-49 
1485.2	4.4943616e-49 
1488.7	4.517587369e-49 
1492.1	4.541142544e-49 
1495.5	4.564894096e-49 
1499.0	4.5888430810000005e-49 
1502.4	4.6129905609999996e-49 
1505.9	4.637337604e-49 
1509.4	4.661885284000001e-49 
1512.9	4.686634681e-49 
1516.3	4.711586881e-49 
1519.8	4.736742976e-49 
1523.3	4.7622420810000006e-49 
1526.9	4.7878096359999995e-49 
1530.4	4.813723161e-49 
1533.9	4.8398457610000004e-49 
1537.4	4.866039048999999e-49 
1541.0	4.892582808999999e-49 
1544.5	4.919339044e-49 
1548.1	4.946449561e-49 
1551.7	4.9736345760000004e-49 
1555.3	5.0011769609999995e-49 
1558.8	5.0287953960000006e-49 
1562.4	5.056774321e-49 
1566.0	5.0849734809999995e-49 
1569.6	5.1135370809999995e-49 
1573.3	5.142180681e-49 
1576.9	5.171191921e-49 
1580.5	5.200284769e-49 
1584.2	5.229748489e-49 
1587.8	5.259585528999999e-49 
1591.5	5.2895074410000005e-49 
1595.2	5.3198059689999995e-49 
1598.8	5.350337316e-49 
1602.5	5.381102736e-49 
1606.2	5.412250623999999e-49 
1609.9	5.443635961e-49 
1613.6	5.475260025e-49 
1617.4	5.5071241e-49 
1621.1	5.539378329e-49 
1624.8	5.571876025000001e-49 
1628.6	5.604618496e-49 
1632.3	5.637757225e-49 
1636.1	5.670993636e-49 
1639.9	5.7047809e-49 
1643.6	5.738668516e-49 
1647.4	5.772960399999999e-49 
1651.2	5.807659264e-49 
1655.0	5.8424620960000004e-49 
1658.9	5.877675556e-49 
1662.7	5.9133024039999994e-49 
1666.5	5.949191161e-49 
1670.4	5.9853432249999994e-49 
1674.2	6.0219152010000006e-49 
1678.1	6.058754244e-49 
1681.9	6.0958617759999995e-49 
1685.8	6.1333958559999995e-49 
1689.7	6.171359364e-49 
1693.6	6.209597601e-49 
1697.5	6.2481120250000005e-49 
1701.4	6.287062681e-49 
1705.4	6.356872900000001e-49 
1709.3	6.365965368999999e-49 
1713.2	6.406081443999999e-49 
1717.2	6.4463235209999995e-49 
1721.1	6.487174849e-49 
1725.1	6.528316804e-49 
1729.1	6.5697509160000005e-49 
1733.1	6.611641343999999e-49 
1737.1	6.653991184000001e-49 
1741.1	6.696639889e-49 
1745.1	6.739753216000001e-49 
1749.1	6.783334321e-49 
1753.1	6.8272211289999995e-49 
1757.2	6.871415236000001e-49 
1761.2	6.916250895999999e-49 
1765.3	6.961399224999999e-49 
1769.4	7.006861848999999e-49 
1773.5	7.052976324000002e-49 
1777.5	7.099410564e-49 
1781.6	7.146166224999999e-49 
1785.8	7.193584225e-49 
1789.9	7.241329216000001e-49 
1794.0	7.289573641e-49 
1798.1	7.338149568999999e-49 
1802.3	7.387402500000001e-49 
1806.4	7.436992644000001e-49 
1810.6	7.487094784e-49 
1814.8	7.537538761e-49 
1819.0	7.588674769e-49 
1823.2	7.640158464e-49 
1827.4	7.692167025e-49 
1831.6	7.744704016e-49 
1835.8	7.797773024999999e-49 
1840.0	7.851200448999999e-49 
1844.3	7.905343744e-49 
1848.5	7.959851524e-49 
1852.8	8.015083728999999e-49 
1857.1	8.070686569000001e-49 
1861.3	8.126842201e-49 
1865.6	8.183554369e-49 
1869.9	8.240826841000001e-49 
1874.3	8.298663409e-49 
1878.6	8.357067889e-49 
1882.9	8.416044121000001e-49 
1887.2	8.475595969e-49 
1891.6	8.535912100000001e-49 
1896.0	8.596627524000001e-49 
1900.3	8.657930304e-49 
1904.7	8.7198244e-49 
1909.1	8.782313795999998e-49 
1913.5	8.845590601e-49 
1917.9	8.909283321e-49 
1922.3	8.9737729e-49 
1926.8	9.038875329e-49 
1931.2	9.104594724e-49 
1935.7	9.170935225000001e-49 
1940.1	9.237900996000001e-49 
1944.6	9.305689156e-49 
1949.1	9.374112400000001e-49 
1953.6	9.443174976000001e-49 
1958.1	9.512881156e-49 
1962.6	9.583235236e-49 
1967.1	9.654438049e-49 
1971.7	9.726298884e-49 
1976.2	9.799020100000001e-49 
1980.8	9.872409599999999e-49 
1985.3	9.946471824000002e-49 
1989.9	1.00220121e-48 
1994.5	1.0096230399999998e-48 
1999.1	1.0172739600000001e-48 
2003.7	1.0249537600000002e-48 
2008.3	1.03286569e-48 
2013.0	1.0408080400000001e-48 
2017.6	1.048576e-48 
2022.3	1.056784e-48 
2026.9	1.0648176099999998e-48 
2031.6	1.0730888099999998e-48 
2036.3	1.0813920100000002e-48 
2041.0	1.0897272100000002e-48 
2045.7	1.0980944100000002e-48 
2050.4	1.1067039999999998e-48 
2055.1	1.11534721e-48 
2059.9	1.1240240399999998e-48 
2064.6	1.1329473599999998e-48 
2069.4	1.1419059599999998e-48 
2074.2	1.1508998400000002e-48 
2078.9	1.1599290000000002e-48 
2083.7	1.16920969e-48 
2088.5	1.17831025e-48 
2093.4	1.1878820099999999e-48 
2098.2	1.19727364e-48 
2103.0	1.2069219600000001e-48 
2107.9	1.216609e-48 
2112.7	1.22633476e-48 
2117.6	1.2363216100000002e-48 
2122.5	1.24634896e-48 
2127.4	1.2564168100000001e-48 
2132.3	1.2665251599999999e-48 
2137.2	1.2768999999999999e-48 
2142.1	1.2873171599999997e-48 
2147.1	1.29800449e-48 
2152.0	1.3087360000000002e-48 
2157.0	1.3195116899999999e-48 
2162.0	1.33033156e-48 
2167.0	1.34142724e-48 
2171.9	1.3525690000000001e-48 
2177.0	1.36375684e-48 
2182.0	1.3752252900000002e-48 
2187.0	1.38650625e-48 
2192.1	1.3983062500000002e-48 
2197.1	1.40991876e-48 
2202.2	1.4218177599999998e-48 
2207.3	1.4340062500000002e-48 
2212.3	1.44600625e-48 
2217.4	1.45829776e-48 
2222.6	1.4708838400000002e-48 
2227.7	1.48328041e-48 
2232.8	1.49597361e-48 
2238.0	1.50896656e-48 
2243.1	1.5220156900000003e-48 
2248.3	1.535121e-48 
2253.5	1.5482824900000002e-48 
2258.7	1.5617500900000002e-48 
2263.9	1.5752760100000002e-48 
2269.1	1.5891123599999997e-48 
2274.3	1.60300921e-48 
2279.6	1.61696656e-48 
2284.8	1.63123984e-48 
2290.1	1.64557584e-48 
2295.4	1.6602322499999998e-48 
2300.7	1.6746948099999998e-48 
2306.0	1.68974001e-48 
2311.3	1.70459136e-48 
2316.6	1.72003225e-48 
2322.0	1.7352792900000002e-48 
2327.3	1.7508582399999997e-48 
2332.7	1.76650681e-48 
2338.1	1.7824920099999998e-48 
2343.5	1.7985492099999998e-48 
2348.9	1.8149478400000002e-48 
2354.3	1.83142089e-48 
2359.7	1.84796836e-48 
2365.2	1.86486336e-48 
2370.6	1.8821096100000002e-48 
2376.1	1.8994352399999998e-48 
2381.6	1.91684025e-48 
2387.1	1.93710724e-48 
2392.6	1.95244729e-48 
2398.1	1.9703736899999998e-48 
2403.6	1.9886640400000002e-48 
2409.2	2.0073222400000002e-48 
2414.7	2.02606756e-48 
2420.3	2.0449e-48 
2425.9	2.06410689e-48 
2431.5	2.08369225e-48 
2437.1	2.10337009e-48 
2442.7	2.12314041e-48 
2448.3	2.1432960000000002e-48 
2454.0	2.163841e-48 
2459.6	2.184484e-48 
2465.3	2.205225e-48 
2471.0	2.2263624100000003e-48 
2476.7	2.24760064e-48 
2482.4	2.26954225e-48 
2488.1	2.29128769e-48 
2493.8	2.313441e-48 
2499.6	2.3360065600000004e-48 
2505.4	2.35868164e-48 
2511.1	2.38177489e-48 
2516.9	2.40498064e-48 
2522.7	2.42861056e-48 
2528.5	2.452356e-48 
2534.4	2.47653169e-48 
2540.2	2.50114225e-48 
2546.1	2.52587449e-48 
2552.0	2.55072841e-48 
2557.8	2.5763460099999997e-48 
2563.7	2.601769e-48 
2569.6	2.6279652099999998e-48 
2575.6	2.6542926399999998e-48 
2581.5	2.68107876e-48 
2587.5	2.7079993599999998e-48 
2593.4	2.752281e-48 
2599.4	2.7629088399999995e-48 
2605.4	2.7909043599999995e-48 
2611.4	2.81937681e-48 
2617.4	2.84833129e-48 
2623.5	2.87743369e-48 
2629.5	2.90668401e-48 
2635.6	2.93642496e-48 
2641.7	2.9666617599999994e-48 
2647.8	2.99739969e-48 
2653.9	3.02829604e-48 
2660.0	3.0597006399999995e-48 
2666.1	3.0916188900000004e-48 
2672.3	3.1237027599999997e-48 
2678.4	3.15630756e-48 
2684.6	3.18943881e-48 
2690.8	3.22274304e-48 
2697.0	3.2565811599999996e-48 
2703.2	3.2909588100000006e-48 
2709.5	3.32551696e-48 
2715.7	3.36062224e-48 
2722.0	3.39628041e-48 
2728.2	3.4324972900000004e-48 
2734.5	3.46890625e-48 
2740.8	3.5058817599999996e-48 
2747.2	3.5434297600000004e-48 
2753.5	3.5811777600000005e-48 
2759.8	3.6195062499999997e-48 
2766.2	3.65842129e-48 
2772.6	3.6979289999999993e-48 
2779.0	3.7376488900000005e-48 
2785.4	3.7779696900000006e-48 
2791.8	3.818897640000001e-48 
2798.2	3.860046089999999e-48 
2804.7	3.90181009e-48 
2811.2	3.9441959999999996e-48 
2817.6	3.9872102399999996e-48 
2824.1	4.0308592899999995e-48 
2830.7	4.07474596e-48 
2837.2	4.11927616e-48 
2843.7	4.1640483599999994e-48 
2850.3	4.2098832399999996e-48 
2856.9	4.2559689999999994e-48 
2863.4	4.3023056399999994e-48 
2870.1	4.34972736e-48 
2876.7	4.3974090000000004e-48 
2883.3	4.44577225e-48 
2890.0	4.4944e-48 
2896.6	4.5437185599999995e-48 
2903.3	4.5937348899999993e-48 
2910.0	4.64445601e-48 
2916.7	4.695455609999999e-48 
2923.4	4.74716944e-48 
2930.2	4.79916649e-48 
2936.9	4.8518872899999994e-48 
2943.7	4.90533904e-48 
2950.5	4.9590836100000004e-48 
2957.3	5.013568810000001e-48 
2964.1	5.0683516899999997e-48 
2970.9	5.123884959999999e-48 
2977.8	5.180176000000001e-48 
2984.7	5.2363168900000004e-48 
2991.5	5.29368064e-48 
2998.4	5.3508942400000005e-48 
3005.4	5.4088804900000006e-48 
3012.3	5.4676468899999994e-48 
3019.2	5.52673081e-48 
3026.2	5.58613225e-48 
3033.2	5.64585121e-48 
3040.2	5.705887690000001e-48 
3047.2	5.76672196e-48 
3054.2	5.827878809999999e-48 
3061.3	5.88887289e-48 
3068.3	5.95116025e-48 
3075.4	6.012794410000001e-48 
3082.5	6.07523904e-48 
3089.6	6.137510760000001e-48 
3096.7	6.20059801e-48 
3103.9	6.263507290000001e-48 
3111.0	6.32623104e-48 
3118.2	6.38926729e-48 
3125.4	6.45261604e-48 
3132.6	6.51576676e-48 
3139.8	6.579224999999999e-48 
3147.0	6.64195984e-48 
3154.3	6.70499236e-48 
3161.6	6.76780225e-48 
3168.9	6.82985956e-48 
3176.2	6.89220009e-48 
3183.5	6.953769e-48 
3190.8	7.01508196e-48 
3198.2	7.075600000000002e-48 
3205.6	7.135309440000001e-48 
3213.0	7.19473329e-48 
3220.4	7.25332624e-48 
3227.8	7.31053444e-48 
3235.2	7.36742449e-48 
3242.7	7.42290025e-48 
3250.2	7.47694336e-48 
3257.7	7.53008481e-48 
3265.2	7.58121156e-48 
3272.7	7.631406249999999e-48 
3280.3	7.679549439999999e-48 
3287.8	7.726176159999999e-48 
3295.4	7.77127129e-48 
3303.0	7.81370209e-48 
3310.6	7.85456676e-48 
3318.3	7.89272836e-48 
3325.9	7.928729639999999e-48 
3333.6	7.961990889999999e-48 
3341.3	7.99305984e-48 
3349.0	8.020790410000001e-48 
3356.7	8.04629956e-48 
3364.4	8.06787216e-48 
3372.2	8.087198439999999e-48 
3380.0	8.10256225e-48 
3387.8	8.114521959999999e-48 
3395.6	8.123640039999998e-48 
3403.4	8.128200999999999e-48 
3411.3	8.129911690000001e-48 
3419.1	8.12706064e-48 
3427.0	8.120220160000001e-48 
3434.9	8.109964839999999e-48 
3442.8	8.09516304e-48 
3450.8	8.075827239999999e-48 
3458.7	8.053108839999999e-48 
3466.7	8.025322410000001e-48 
3474.7	7.99362529e-48 
3482.7	7.956912640000001e-48 
3490.7	7.916344960000001e-48 
3498.8	7.871391360000001e-48 
3506.9	7.821530890000001e-48 
3514.9	7.76792641e-48 
3523.1	7.70950756e-48 
3531.2	7.64688409e-48 
3539.3	7.58011024e-48 
3547.5	7.50924409e-48 
3555.7	7.434347560000001e-48 
3563.9	7.354944e-48 
3572.1	7.27219089e-48 
3580.3	7.18561636e-48 
3588.6	7.09583044e-48 
3596.8	7.00237444e-48 
3605.1	6.905332840000001e-48 
3613.5	6.80583744e-48 
3621.8	6.702920999999999e-48 
3630.1	6.59770596e-48 
3638.5	6.48975625e-48 
3646.9	6.37966564e-48 
3655.3	6.267011560000001e-48 
3663.7	6.15288025e-48 
3672.2	6.03734041e-48 
3680.7	5.91997561e-48 
3689.1	5.80135396e-48 
3697.7	5.68202569e-48 
3706.2	5.56205056e-48 
3714.7	5.441022759999999e-48 
3723.3	5.319942250000001e-48 
3731.9	5.1988560099999997e-48 
3740.5	5.0773608899999996e-48 
3749.1	4.9564116899999996e-48 
3757.8	4.8360408099999996e-48 
3766.4	4.716280889999999e-48 
3775.1	4.59716481e-48 
3783.8	4.47914896e-48 
3792.5	4.3618322500000005e-48 
3801.3	4.24648449e-48 
3810.0	4.13186929e-48 
3818.8	4.0192230399999994e-48 
3827.6	3.90813361e-48 
3836.5	3.7989908099999994e-48 
3845.3	3.6917779599999993e-48 
3854.2	3.5864784399999996e-48 
3863.1	3.4830756900000004e-48 
3872.0	3.3819210000000003e-48 
3880.9	3.28298161e-48 
3889.9	3.18658201e-48 
3898.8	3.0923222499999995e-48 
3907.8	3.00051684e-48 
3916.8	2.9111184400000007e-48 
3925.9	2.8244163599999993e-48 
3934.9	2.7400180900000003e-48 
3944.0	2.6585302500000002e-48 
3953.1	2.5792360000000002e-48 
3962.2	2.5024076100000002e-48 
3971.3	2.4282988900000003e-48 
3980.5	2.3568390400000002e-48 
3989.7	2.2879587599999997e-48 
3998.9	2.2215902499999997e-48 
4008.1	2.1579610000000002e-48 
4017.3	2.0967039999999997e-48 
4026.6	2.03804176e-48 
4035.9	1.98161929e-48 
4045.2	1.9279322500000002e-48 
4054.5	1.8766260100000002e-48 
4063.9	1.827904e-48 
4073.2	1.78142409e-48 
4082.6	1.7373876100000002e-48 
4092.1	1.69546441e-48 
4101.5	1.6561116099999998e-48 
4110.9	1.6190017600000003e-48 
4120.4	1.5840739599999998e-48 
4129.9	1.5512702500000002e-48 
4139.5	1.52078224e-48 
4149.0	1.49255089e-48 
4158.6	1.4662788099999998e-48 
4168.2	1.4419206400000002e-48 
4177.8	1.41967225e-48 
4187.4	1.3994889999999998e-48 
4197.1	1.3813300900000002e-48 
4206.7	1.3649248900000002e-48 
4216.4	1.3504764099999998e-48 
4226.2	1.3379548899999999e-48 
4235.9	1.3271040000000001e-48 
4245.7	1.3181336099999998e-48 
4255.5	1.3110250000000002e-48 
4265.3	1.30530625e-48 
4275.1	1.3016528099999999e-48 
4285.0	1.29937201e-48 
4294.8	1.29891609e-48 
4304.8	1.29982801e-48 
4314.7	1.30256569e-48 
4324.6	1.30667761e-48 
4334.6	1.31217025e-48 
4344.6	1.3192819600000001e-48 
4354.6	1.3280257600000002e-48 
4364.7	1.3379548899999999e-48 
4374.7	1.34931456e-48 
4384.8	1.3621224099999998e-48 
4394.9	1.37639824e-48 
4405.1	1.39192804e-48 
4415.2	1.40873161e-48 
4425.4	1.4268302500000002e-48 
4435.6	1.4462467600000003e-48 
4445.8	1.46676321e-48 
4456.1	1.48864401e-48 
4466.4	1.5116702499999998e-48 
4476.7	1.53611236e-48 
4487.0	1.5615001599999998e-48 
4497.3	1.5881040399999998e-48 
4507.7	1.61594944e-48 
4518.1	1.6448062499999997e-48 
4528.5	1.67495364e-48 
4539.0	1.7058972100000003e-48 
4549.4	1.7381785599999998e-48 
4559.9	1.7715610000000002e-48 
4570.4	1.80606721e-48 
4581.0	1.841449e-48 
4591.5	1.8779961599999998e-48 
4602.1	1.915456e-48 
4612.7	1.95412441e-48 
4623.4	1.9937440000000002e-48 
4634.0	2.0343316899999997e-48 
4644.7	2.07590464e-48 
4655.4	2.11877136e-48 
4666.2	2.16237025e-48 
4676.9	2.20700736e-48 
4687.7	2.25240064e-48 
4698.5	2.2991656900000002e-48 
4709.4	2.34671761e-48 
4720.2	2.39506576e-48 
4731.1	2.44453225e-48 
4742.0	2.4951361599999997e-48 
4752.9	2.54625849e-48 
4763.9	2.5988664099999997e-48 
4774.9	2.6520122500000002e-48 
4785.9	2.70635401e-48 
4796.9	2.7612468900000007e-48 
4808.0	2.8173622500000006e-48 
4819.1	2.874381160000001e-48 
4830.2	2.93265625e-48 
4841.3	2.991516159999999e-48 
4852.5	3.0513102399999994e-48 
4863.7	3.1120488099999994e-48 
4874.9	3.17374225e-48 
4886.1	3.2364009999999997e-48 
4897.4	3.3000355600000004e-48 
4908.7	3.3646564899999994e-48 
4920.0	3.43027441e-48 
4931.4	3.496526010000001e-48 
4942.7	3.5641664100000005e-48 
4954.1	3.63245481e-48 
4965.6	3.701776e-48 
4977.0	3.772140839999999e-48 
4988.5	3.84316816e-48 
5000.0	3.915253690000001e-48 
