1.0	1.222167828873289e-33 
1.0030759	1.2563789332300959e-33 
1.0061612	1.2814777595347558e-33 
1.009256	1.3061104420225e-33 
1.0123603	1.3325864052336641e-33 
1.0154742	1.3480961585120413e-33 
1.0185976	1.359482218518649e-33 
1.0217307	1.360403416020609e-33 
1.0248734	1.356797481511824e-33 
1.0280258	1.354297629413089e-33 
1.0311878	1.3386337409743363e-33 
1.0343596	1.302127008490009e-33 
1.0375412	1.2699259214404e-33 
1.0407325	1.2382535456359292e-33 
1.0439336	1.2038138038403998e-33 
1.0471446	1.1814196040862249e-33 
1.0503655	1.1484544932110247e-33 
1.0535963	1.099407736953124e-33 
1.056837	1.054302068920324e-33 
1.0600877	1.0056920431719041e-33 
1.0633483	9.535478433849e-34 
1.0666191	9.12164065818916e-34 
1.0698998	8.70549686796241e-34 
1.0731907	8.47798116682729e-34 
1.0764917	1.2767901168400001e-33 
1.0798028	7.6146492937971605e-34 
1.0831241	6.98109242967049e-34 
1.0864557	6.634622002176001e-34 
1.0897974	6.210277815440409e-34 
1.0931495	5.708109875058011e-34 
1.0965119	5.4380952743617605e-34 
1.0998846	4.930137969193959e-34 
1.1032677	4.42325548582369e-34 
1.1066612	3.95477456158225e-34 
1.1100651	3.53410898199076e-34 
1.1134795	3.1419774618937605e-34 
1.1169044	2.7861965914521603e-34 
1.1203398	2.45411242678449e-34 
1.1237859	2.0656996354176404e-34 
1.1272425	1.73584419420736e-34 
1.1307097	1.4736532370574402e-34 
1.1341876	1.19489100245449e-34 
1.1376762	9.862933725788414e-35 
1.1411755	8.169221179457537e-35 
1.1446856	6.510095851077225e-35 
1.1482065	5.313948407223556e-35 
1.1517382	4.3486274901273756e-35 
1.1552808	3.450529047369616e-35 
1.1588343	2.812849541980416e-35 
1.1623987	2.317829907671716e-35 
1.1659741	1.8659243077517162e-35 
1.1695605	1.5393783981175693e-35 
1.1731579	1.274238898569289e-35 
1.1767663	1.0350434393122809e-35 
1.1803859	8.59389042054244e-36 
1.1840166	7.156710556168409e-36 
1.1876585	5.86733672527396e-36 
1.1913115	4.904489922428891e-36 
1.1949758	4.1104569964464406e-36 
1.1986514	3.39979130421529e-36 
1.2023383	2.86056706330521e-36 
1.2060365	2.4124992025728402e-36 
1.2097461	2.01176437934224e-36 
1.2134671	1.71332052035769e-36 
1.2171996	1.4880320707406402e-36 
1.2209435	1.2812295297788101e-36 
1.2246989	1.11940801323264e-36 
1.2284659	9.81037972106432e-37 
1.2322445	8.535704408543374e-37 
1.2360347	7.526751195436201e-37 
1.2398366	6.6578957925649e-37 
1.2436502	5.8543156822500005e-37 
1.2474755	5.212720293087242e-37 
1.2513125	4.656935897128516e-37 
1.2551614	4.140555455733904e-37 
1.2590221	3.7264129110999035e-37 
1.2628946	3.3661491271385758e-37 
1.2667791	3.029590830474961e-37 
1.2706756	2.7756682362213206e-37 
1.274584	2.5984485860003995e-37 
1.2785044	2.427383515658256e-37 
1.2824369	2.2992821935905613e-37 
1.2863815	2.1905864272974004e-37 
1.2903382	2.0847285743335845e-37 
1.2943071	2.017190234485881e-37 
1.2982882	1.9663199183584357e-37 
1.3022816	1.916178309382276e-37 
1.3062872	1.9099971359481957e-37 
1.3103052	1.9230164972929436e-37 
1.3143355	1.935892113503076e-37 
1.3183782	2.021439456497241e-37 
1.3224333	2.1417450079780807e-37 
1.326501	2.2644432897518894e-37 
1.3305811	2.5798475808399994e-37 
1.3346738	2.997489792440896e-37 
1.338779	3.4371289983830886e-37 
1.3428969	5.071005808890024e-37 
1.3470275	7.547699137475025e-37 
1.3511708	1.02592751500864e-36 
1.3553268	1.66886789630089e-36 
1.3594956	2.43285063369604e-36 
1.3636772	3.05173717285284e-36 
1.3678716	2.55305367845284e-36 
1.372079	1.4518054572992101e-36 
1.3762993	4.158130155109225e-37 
1.3805326	1.4338763662335999e-37 
1.384779	9.039536525356839e-38 
1.3890384	4.93749598107529e-38 
1.3933108	3.14622240908836e-38 
1.3975965	2.21220675033121e-38 
1.4018953	1.44432708576256e-38 
1.4062073	1.02950772289156e-38 
1.4105326	7.652834031108485e-39 
1.4148712	5.4115336540181293e-39 
1.4192231	4.061523861567395e-39 
1.4235885	3.122757130273225e-39 
1.4279672	2.311241873692129e-39 
1.4323594	1.7888606807556252e-39 
1.4367652	1.4070031008015998e-39 
1.4411845	1.072721539895184e-39 
1.4456173	8.476681434970811e-40 
1.4500639	6.77753587757401e-40 
1.4545241	5.276659221604e-40 
1.458998	4.2289467074640905e-40 
1.4634856	3.41175365890489e-40 
1.4679871	2.6885990371470397e-40 
1.4725024	2.1739629925322497e-40 
1.4770316	1.77091472535184e-40 
1.4815748	1.41244786776025e-40 
1.4861319	1.1523910856270401e-40 
1.490703	9.4611299663556e-41 
1.4952882	7.6192281134761e-41 
1.4998875	6.262047040811409e-41 
1.5045009	5.174623220001316e-41 
1.5091286	4.200548938736164e-41 
1.5137704	3.4735179867604816e-41 
1.5184266	2.8862168160844844e-41 
1.523097	2.3587743728562246e-41 
1.5277819	1.9602100985476e-41 
1.5324811	1.634965934522944e-41 
1.5371948	1.342659981405625e-41 
1.541923	1.120147453708816e-41 
1.5466657	9.383044756435359e-42 
1.5514231	7.74602856929344e-42 
1.556195	6.48974147450841e-42 
1.5609817	5.4581276086849606e-42 
1.565783	4.528152050970249e-42 
1.5705991	3.80932298795169e-42 
1.5754301	3.2165830647722496e-42 
1.5802759	2.68163255727481e-42 
1.5851366	2.26545484839184e-42 
1.5900122	1.92100681081521e-42 
1.5949029	1.60984354337521e-42 
1.5998086	1.3680834618010002e-42 
1.6047294	1.1706238089436902e-42 
1.6096653	9.910172435922799e-43 
1.6146164	8.49325676672369e-43 
1.6195827	7.308432382996902e-43 
1.6245643	6.229576460207556e-43 
1.6295613	5.37361701399168e-43 
1.6345736	4.6554393394084e-43 
1.6396013	4.0007800829584e-43 
1.6446445	3.4783535271946238e-43 
1.6497031	3.038455389418596e-43 
1.6547774	2.636982919839844e-43 
1.6598673	2.314609337289769e-43 
1.6649728	2.042078709103225e-43 
1.670094	1.7930008706332812e-43 
1.675231	1.5945060043627561e-43 
1.6803837	1.432704787081569e-43 
1.6855524	1.2826297029924e-43 
1.6907369	1.1596245847341208e-43 
1.6959373	1.053714962872576e-43 
1.7011538	9.552516738653161e-44 
1.7063863	8.737865056144e-44 
1.7116349	8.031661425145959e-44 
1.7168997	7.373286372096159e-44 
1.7221806	6.822547134400359e-44 
1.7274778	6.34124713239889e-44 
1.7327913	5.891065860243241e-44 
1.7381211	5.5096506329602495e-44 
1.7434673	5.17315055082721e-44 
1.74883	4.857203419960961e-44 
1.7542091	4.584523322499999e-44 
1.7596048	4.3388602546476097e-44 
1.7650171	4.1079689101562494e-44 
1.770446	3.9066985123690003e-44 
1.7758917	3.7254705298448403e-44 
1.7813541	3.5542852030734404e-44 
1.7868333	3.40250673433225e-44 
1.7923293	3.264114302596e-44 
1.7978423	3.13271663068324e-44 
1.8033722	3.01423348956304e-44 
1.8089191	2.90486414370244e-44 
1.8144831	2.80050351437025e-44 
1.8200642	2.7049025684174396e-44 
1.8256624	2.61564926274961e-44 
1.8312779	2.53009488937984e-44 
1.8369106	2.45161032749161e-44 
1.8425607	2.37958236551025e-44 
1.8482282	2.30963064005961e-44 
1.8539131	2.243467748041e-44 
1.8596154	2.1802055133936096e-44 
1.8653353	2.1187102252410002e-44 
1.8710728	2.0601558461704897e-44 
1.876828	2.003929022404e-44 
1.8826009	1.94923147174144e-44 
1.8883915	1.8968696229072097e-44 
1.8941999	1.8464162512410001e-44 
1.9000262	1.79730622513225e-44 
1.9058704	1.7500924555923603e-44 
1.9117326	1.7044754246913603e-44 
1.9176128	1.6600523802720403e-44 
1.9235111	1.61722699416576e-44 
1.9294276	1.57580671096996e-44 
1.9353622	1.53544092646681e-44 
1.9413151	1.49639291805796e-44 
1.9472863	1.458512720721e-44 
1.9532759	1.42158978225936e-44 
1.9592839	1.38580501968484e-44 
1.9653104	1.35104892112369e-44 
1.9713554	1.31716593936225e-44 
1.977419	1.2842791342081603e-44 
1.9835012	1.25230759329025e-44 
1.9896022	1.2211355025e-44 
1.9957219	1.19084555032569e-44 
2.0018605	1.1613771551184102e-44 
2.0080179	1.13264232349489e-44 
2.0141943	1.10465712411289e-44 
2.0203897	1.07734829852521e-44 
2.0266041	1.050739803136e-44 
2.0328377	1.024860621316e-44 
2.0390904	9.996712070306482e-45 
2.0453623	9.751201670837929e-45 
2.0516536	9.512221447461923e-45 
2.0579642	9.279473909160677e-45 
2.0642942	9.05257273761008e-45 
2.0706437	8.8315731546025e-45 
2.0770127	8.616243922875624e-45 
2.0834013	8.406286655126416e-45 
2.0898095	8.20169989591817e-45 
2.0962375	8.002298646202624e-45 
2.1026852	7.80784604830829e-45 
2.1091528	7.618293285637224e-45 
2.1156402	7.433476618982545e-45 
2.1221476	7.253236484424225e-45 
2.128675	7.077513653761601e-45 
2.1352226	6.906178083282725e-45 
2.1417902	6.739069045299889e-45 
2.148378	6.576116330868048e-45 
2.1549861	6.41720819173544e-45 
2.1616146	6.26220847336969e-45 
2.1682634	6.111041849961409e-45 
2.1749327	5.963610580989888e-45 
2.1816224	5.819796693158463e-45 
2.1883328	5.679523588912995e-45 
2.1950638	5.542704822030336e-45 
2.2018155	5.40923637429512e-45 
2.208588	5.279045316247521e-45 
2.2153813	5.152055300396761e-45 
2.2221955	5.028168252138083e-45 
2.2290306	4.9073119857796813e-45 
2.2358868	4.789416040238449e-45 
2.2427641	4.6743968713327206e-45 
2.2496625	4.562185857042025e-45 
2.2565822	4.4527187364030253e-45 
2.2635231	4.3459193229465685e-45 
2.2704854	4.241722945077121e-45 
2.2774691	4.1400705498243994e-45 
2.2844742	4.040892531040225e-45 
2.2915009	3.944128257267025e-45 
2.2985493	3.849723116622769e-45 
2.3056193	3.7576136205881287e-45 
2.312711	3.667744458352836e-45 
2.3198246	3.580067467332224e-45 
2.3269601	3.4945189081759356e-45 
2.3341175	3.411046138922244e-45 
2.3412969	3.3296027413440996e-45 
2.3484984	3.2501348550821165e-45 
2.355722	3.172593267305284e-45 
2.3629679	3.0969349656125435e-45 
2.370236	3.0231100552898565e-45 
2.3775265	2.9510727475457286e-45 
2.3848395	2.8807834147848995e-45 
2.3921749	2.8121957484196003e-45 
2.3995329	2.7452672525088042e-45 
2.4069135	2.679960922818921e-45 
2.4143168	2.6162342158447692e-45 
2.4217429	2.5540469922564e-45 
2.4291919	2.493364608694404e-45 
2.4366637	2.434148844364836e-45 
2.4441586	2.3763627266984014e-45 
2.4516764	2.319974634193225e-45 
2.4592175	2.264947826395024e-45 
2.4667817	2.2112482057359208e-45 
2.4743691	2.1588462385849963e-45 
2.4819799	2.107708083287524e-45 
2.4896142	2.057801950452004e-45 
2.4972719	2.009100522186081e-45 
2.5049531	1.961572477067449e-45 
2.512658	1.915188177956769e-45 
2.5203866	1.869922368274801e-45 
2.5281389	1.825745991105001e-45 
2.5359151	1.782631502730841e-45 
2.5437152	1.7405554796012248e-45 
2.5515393	1.699491143263225e-45 
2.5593875	1.659412897035664e-45 
2.5672598	1.620298937125969e-45 
2.5751563	1.582124448261184e-45 
2.5830772	1.544865573629284e-45 
2.5910223	1.508502254871364e-45 
2.598992	1.4730113508289e-45 
2.6069861	1.438370780887881e-45 
2.6150048	1.404561881925225e-45 
2.6230482	1.371563226682884e-45 
2.6311163	1.3393543158961e-45 
2.6392092	1.307917785201316e-45 
2.6473271	1.2772338063744638e-45 
2.6554699	1.24728342561e-45 
2.6636377	1.2180504843363999e-45 
2.6718307	1.1895164360606888e-45 
2.6800489	1.1616638405761e-45 
2.6882923	1.134477595548049e-45 
2.6965611	1.1079406870620492e-45 
2.7048554	1.082036682994276e-45 
2.7131751	1.0567517945829608e-45 
2.7215205	1.0320700454674089e-45 
2.7298915	1.007976332341449e-45 
2.7382882	9.84457643140624e-46 
2.7467108	9.61499412866916e-46 
2.7551593	9.390875253662248e-46 
2.7636338	9.172098748337288e-46 
2.7721343	8.958529083632039e-46 
2.780661	8.75003554650681e-46 
2.7892139	8.546506111104639e-46 
2.7977932	8.34781525767396e-46 
2.8063988	8.153840273049e-46 
2.8150309	7.964478130596492e-46 
2.8236895	7.779612095059362e-46 
2.8323748	7.599128595112891e-46 
2.8410868	7.42293185423364e-46 
2.8498255	7.25091279495361e-46 
2.8585912	7.08296692456336e-46 
2.8673838	6.91900468608001e-46 
2.8762035	6.758925202724889e-46 
2.8850503	6.602631398833959e-46 
2.8939243	6.450040026310411e-46 
2.9028256	6.301057350366491e-46 
2.9117543	6.155592727580889e-46 
2.9207104	6.01356978901561e-46 
2.9296941	5.87490145334416e-46 
2.9387054	5.73950354622121e-46 
2.9477444	5.60730417984009e-46 
2.9568113	5.47822298604816e-46 
2.965906	5.352182307266559e-46 
2.9750287	5.2291153417308096e-46 
2.9841795	5.108947048804e-46 
2.9933584	4.9916049561e-46 
3.0025656	4.8770274682404906e-46 
3.011801	4.76514540199369e-46 
3.0210649	4.65589110420196e-46 
3.0303573	4.549206954769e-46 
3.0396782	4.44502882398169e-46 
3.0490278	4.343293996060409e-46 
3.0584062	4.243948971174089e-46 
3.0678134	4.14693432744529e-46 
3.0772496	4.05219154563136e-46 
3.0867148	3.95967136559929e-46 
3.0962091	3.869317962187241e-46 
3.1057326	3.78107752770049e-46 
3.1152853	3.6949035862542406e-46 
3.1248675	3.61074521845521e-46 
3.1344792	3.528551861136e-46 
3.1441204	3.44828075785209e-46 
3.1537913	3.3698840727553598e-46 
3.1634919	3.29331538480036e-46 
3.1732223	3.2185343119507597e-46 
3.1829827	3.14549698331401e-46 
3.1927731	3.07415942624961e-46 
3.2025936	3.0044852356940103e-46 
3.2124443	2.9364331852857603e-46 
3.2223254	2.8699622736736896e-46 
3.2322368	2.8050387806250006e-46 
3.2421787	2.74162429738201e-46 
3.2521512	2.67968125751824e-46 
3.2621543	2.61917777647876e-46 
3.2721882	2.56007808059536e-46 
3.282253	2.5023478145372095e-46 
3.2923488	2.4459564931891603e-46 
3.3024756	2.3908717445313595e-46 
3.3126335	2.3370612750250003e-46 
3.3228227	2.2844968216070396e-46 
3.3330432	2.2331479732584097e-46 
3.3432952	2.1829849740518395e-46 
3.3535787	2.1339819250402503e-46 
3.3638938	2.08611023617129e-46 
3.3742407	2.0393416542470404e-46 
3.3846194	1.9936530682368405e-46 
3.39503	1.94901730839841e-46 
3.4054726	1.90540891359025e-46 
3.4159474	1.8628051496544402e-46 
3.4264543	1.8211815585345596e-46 
3.4369936	1.7805142077528098e-46 
3.4475653	1.7407823196464102e-46 
3.4581695	1.70196315656761e-46 
3.4688064	1.66403395265536e-46 
3.4794759	1.6269755053702502e-46 
3.4901783	1.5907669497872099e-46 
3.5009136	1.5553871133825601e-46 
3.5116819	1.5208180030102498e-46 
3.5224834	1.48704025469476e-46 
3.533318	1.4540339473888898e-46 
3.544186	1.4217829421331601e-46 
3.5550874	1.3902687921315599e-46 
3.5660224	1.35947321526025e-46 
3.5769909	1.3293806363512899e-46 
3.5879932	1.2999746309944899e-46 
3.5990294	1.2712377590672398e-46 
3.6100995	1.2431558709610001e-46 
3.6212037	1.21571308779844e-46 
3.632342	1.18889387056881e-46 
3.6435145	1.16268473921796e-46 
3.6547215	1.13707097202609e-46 
3.6659629	1.1120379499304098e-46 
3.6772389	1.08757345685041e-46 
3.6885495	1.0636636394764898e-46 
3.699895	1.04029494265225e-46 
3.7112753	1.01745591957604e-46 
3.7226907	9.95133594924269e-47 
3.7341412	9.733155504443534e-47 
3.7456268	9.519909973640676e-47 
3.7571479	9.311480910880223e-47 
3.7687043	9.107750661535296e-47 
3.7802963	8.908619212372325e-47 
3.791924	8.713976804531857e-47 
3.8035874	8.523713774729522e-47 
3.8152867	8.3377370716641e-47 
3.827022	8.155944506231823e-47 
3.8387933	7.978234252605443e-47 
3.8506009	7.804519396062482e-47 
3.8624448	7.634705178239999e-47 
3.8743251	7.468696576267641e-47 
3.886242	7.30641309259848e-47 
3.8981955	7.147766054869444e-47 
3.9101858	6.992667315508901e-47 
3.922213	6.841041698148101e-47 
3.9342772	6.692807052538084e-47 
3.9463785	6.547881162402441e-47 
3.958517	6.406194137999616e-47 
3.9706928	6.267669284343769e-47 
3.9829061	6.132230256039363e-47 
3.9951569	5.999811941153208e-47 
4.0074455	5.870342901494568e-47 
4.0197718	5.74375228027721e-47 
4.0321361	5.619979120910399e-47 
4.0445383	5.498957351052025e-47 
4.0569788	5.38062050446037e-47 
4.0694575	5.264912095761796e-47 
4.0819745	5.151770489947224e-47 
4.0945301	5.041134048891137e-47 
4.1071243	4.932950027611368e-47 
4.1197572	4.827161079995076e-47 
4.132429	4.723709668104001e-47 
4.1451398	4.622546682211968e-47 
4.1578896	4.523618790169608e-47 
4.1706787	4.426872425284517e-47 
4.1835071	4.3322617371665613e-47 
4.196375	4.2397372789602247e-47 
4.2092825	4.149248938232896e-47 
4.2222296	4.0607541660582088e-47 
4.2352166	3.9742067665161e-47 
4.2482435	3.889560115530244e-47 
4.2613105	3.806774621874225e-47 
4.2744177	3.725807009493321e-47 
4.2875652	3.6466141653888045e-47 
4.3007531	3.5691591371536e-47 
4.3139816	3.493401497840016e-47 
4.3272508	3.4193010655441e-47 
4.3405608	3.3468234739171694e-47 
4.3539118	3.2759310780624994e-47 
4.3673038	3.2065863239859843e-47 
4.380737	3.1387572617997694e-47 
4.3942115	3.0724087396519693e-47 
4.4077275	3.007505995977289e-47 
4.4212851	2.944018896686596e-47 
4.4348843	2.8819149512409e-47 
4.4485254	2.821161582993664e-47 
4.4622084	2.761730887021929e-47 
4.4759335	2.703592439358561e-47 
4.4897009	2.646715815922564e-47 
4.5035105	2.591075093980816e-47 
4.5173627	2.536641988517569e-47 
4.5312575	2.483387987961609e-47 
4.545195	2.431289021458609e-47 
4.5591753	2.3803186104430806e-47 
4.5731987	2.330450328968644e-47 
4.5872652	2.281661545761081e-47 
4.601375	2.233927761158025e-47 
4.6155282	2.1872242172373613e-47 
4.6297249	2.141529816075556e-47 
4.6439653	2.0968216338342248e-47 
4.6582494	2.0530767525921003e-47 
4.6725776	2.010275325176836e-47 
4.6869497	1.9683961716253212e-47 
4.7013661	1.9274177403979556e-47 
4.7158269	1.887321531302596e-47 
4.7303321	1.8480878245296643e-47 
4.7448819	1.8096965225187842e-47 
4.7594765	1.7721304670224002e-47 
4.774116	1.7353711344217957e-47 
4.7888005	1.6993997901457293e-47 
4.8035301	1.6642004498197687e-47 
4.8183051	1.629755793214756e-47 
4.8331255	1.596048362929476e-47 
4.8479915	1.5630631929328358e-47 
4.8629033	1.5307843268071212e-47 
4.8778609	1.499195266230249e-47 
4.8928645	1.4682821521489001e-47 
4.9079142	1.438029999305956e-47 
4.9230103	1.4084235892609001e-47 
4.9381528	1.3794498697749162e-47 
4.9533418	1.3510947659320809e-47 
4.9685776	1.3233441873288043e-47 
4.9838602	1.2961859826718893e-47 
4.9991899	1.269606999087025e-47 
5.0145667	1.243594058507641e-47 
5.0299908	1.218135852650809e-47 
5.0454623	1.193220023462289e-47 
5.0609814	1.1688343867684001e-47 
5.0765483	1.144968217589641e-47 
5.092163	1.1216102412024997e-47 
5.1078258	1.0987488008644e-47 
5.1235368	1.076374115875881e-47 
5.139296	1.0544754659453439e-47 
5.1551038	1.033042145386729e-47 
5.1709601	1.0120648693430891e-47 
5.1868653	9.91533756299641e-48 
5.2028193	9.714386761039209e-48 
5.2188225	9.51770996817796e-48 
5.2348748	9.325214999562251e-48 
5.2509766	9.13680718031104e-48 
5.2671278	8.95240628807184e-48 
5.2833288	8.77192574448969e-48 
5.2995795	8.59527767831616e-48 
5.3158803	8.422385816944089e-48 
5.3322312	8.25317002045561e-48 
5.3486324	8.08754823118225e-48 
5.365084	7.92544900926276e-48 
5.3815862	7.766798232885759e-48 
5.3981392	7.611517622624411e-48 
5.4147431	7.45954193114244e-48 
5.4313981	7.310801037110491e-48 
5.4481043	7.16522237092489e-48 
5.4648619	7.022744862134439e-48 
5.4816711	6.88330214658304e-48 
5.4985319	6.74682806267649e-48 
5.5154446	6.613264398478241e-48 
5.5324093	6.48254984565904e-48 
5.5494262	6.35462220557376e-48 
5.5664955	6.22942745710041e-48 
5.5836172	6.106908518656e-48 
5.6007916	5.98700738963044e-48 
5.6180189	5.869673468532809e-48 
5.6352991	5.75485410982729e-48 
5.6526325	5.642494279842251e-48 
5.6700192	5.53254799634161e-48 
5.6874594	5.4249658090113604e-48 
5.7049532	5.31969684123024e-48 
5.7225008	5.2166975688828094e-48 
5.7401024	5.11592199507216e-48 
5.7577581	5.01732358780689e-48 
5.7754682	4.92086198856256e-48 
5.7932327	4.8264939553408906e-48 
5.8110519	4.7341761361824396e-48 
5.8289258	4.643871134274489e-48 
5.8468548	4.5555391387668094e-48 
5.8648389	4.469139753156e-48 
5.8828783	4.38463832862784e-48 
5.9009732	4.3019978342256395e-48 
5.9191237	4.22118104433169e-48 
5.9373301	4.142155047212251e-48 
5.9555925	4.06488662926096e-48 
5.9739111	3.989339911822239e-48 
5.992286	3.9154859928256906e-48 
6.0107174	3.8432924503648897e-48 
6.0292055	3.772727407201e-48 
6.0477505	3.7037629889656896e-48 
6.0663525	3.636369820558239e-48 
6.0850117	3.57051748930969e-48 
6.1037284	3.50618060140804e-48 
6.1225026	3.4433315223865595e-48 
6.1413345	3.381942700234809e-48 
6.1602244	3.3219895945827605e-48 
6.1791724	3.263446946901691e-48 
6.1981786	3.2062884695654397e-48 
6.2172433	3.1504915214137593e-48 
6.2363667	3.09603239038116e-48 
6.2555489	3.04288635464641e-48 
6.2747901	2.99103258338404e-48 
6.2940904	2.9404478133475594e-48 
6.3134501	2.8911095264716907e-48 
6.3328694	2.8429972821610005e-48 
6.3523484	2.7960896356614393e-48 
6.3718874	2.7503641934528404e-48 
6.3914864	2.7058026005697603e-48 
6.4111457	2.66238353843344e-48 
6.4308655	2.6200857704904102e-48 
6.4506459	2.57889136391329e-48 
6.4704871	2.53877983735401e-48 
6.4903894	2.4997311184944402e-48 
6.510353	2.4617267959188098e-48 
6.5303779	2.4247478884640402e-48 
6.5504644	2.3887742603560002e-48 
6.5706127	2.35378774359481e-48 
6.590823	2.3197699448568102e-48 
6.6110954	2.2867010547296402e-48 
6.6314302	2.2545632113120904e-48 
6.6518275	2.2233380558304397e-48 
6.6722876	2.19300587057601e-48 
6.6928106	2.1635497518010002e-48 
6.7133968	2.13495084783841e-48 
6.7340462	2.10718988242569e-48 
6.7547592	2.08024977071041e-48 
6.7755359	2.05411211566276e-48 
6.7963764	2.0287583941560096e-48 
6.8172811	2.00417081451876e-48 
6.8382501	1.98033173525476e-48 
6.8592836	1.95722226485776e-48 
6.8803818	1.9348256385960102e-48 
6.9015449	1.91312439317476e-48 
6.922773	1.8920998375104397e-48 
6.9440665	1.8717356433732102e-48 
6.9654255	1.85201424330129e-48 
6.9868501	1.83291848715024e-48 
7.0083407	1.81443162967056e-48 
7.0298973	1.7965373182900902e-48 
7.0515203	1.7792185140022504e-48 
7.0732098	1.7624596288675598e-48 
7.094966	1.74624437418916e-48 
7.1167891	1.7305568253396898e-48 
7.1386793	1.715382195076e-48 
7.1606369	1.7007052394988103e-48 
7.182662	1.68651078284329e-48 
7.2047548	1.67278448702689e-48 
7.2269156	1.65951231426436e-48 
7.2491446	1.64668000283809e-48 
7.2714419	1.6342746001562502e-48 
7.2938079	1.62228290450769e-48 
7.3162426	1.61069121072601e-48 
7.3387463	1.5994880958556897e-48 
7.3613192	1.5886610972410002e-48 
7.3839616	1.5781982326849598e-48 
7.4066736	1.56808823762889e-48 
7.4294555	1.5583202989290002e-48 
7.4523074	1.54888329631396e-48 
7.4752297	1.53976729117696e-48 
7.4982224	1.5309620197202503e-48 
7.5212859	1.5224578801926398e-48 
7.5444203	1.51424542699024e-48 
7.5676259	1.50631610064849e-48 
7.5909028	1.49866098804361e-48 
7.6142514	1.49127155568169e-48 
7.6376717	1.48414012835841e-48 
7.6611641	1.47725841679504e-48 
7.6847288	1.470619461481e-48 
7.7083659	1.464216162304e-48 
7.7320757	1.4580410355396897e-48 
7.7558585	1.45208790168121e-48 
7.7797144	1.446350185449e-48 
7.8036437	1.44082139710084e-48 
7.8276466	1.43549584763524e-48 
7.8517233	1.4303674428120902e-48 
7.8758741	1.425430639396e-48 
7.9000992	1.42067972277529e-48 
7.9243988	1.416109520016e-48 
7.9487731	1.41171396744249e-48 
7.9732224	1.40748848792644e-48 
7.9977469	1.40342737129956e-48 
8.0223468	1.39952520003409e-48 
8.0470224	1.3957768449e-48 
8.0717739	1.39217722491136e-48 
8.0966016	1.3887205979120096e-48 
8.1215056	1.385401974961e-48 
8.1464861	1.3822161731936102e-48 
8.1715436	1.37915781500025e-48 
8.1966781	1.37622250025001e-48 
8.2218899	1.37340539300644e-48 
8.2471793	1.3707023929e-48 
8.2725464	1.3681094281764101e-48 
8.2979916	1.36562338908121e-48 
8.323515	1.36324118827264e-48 
8.349117	1.3609602264039998e-48 
8.3747977	1.35877862235556e-48 
8.4005574	1.3566940449384098e-48 
8.4263963	1.35470534350761e-48 
8.4523147	1.3528113800576402e-48 
8.4783128	1.3510103315020899e-48 
8.5043909	1.3493010854736401e-48 
8.5305492	1.3476823089678399e-48 
8.556788	1.34615291278689e-48 
8.5831074	1.3447108909188899e-48 
8.6095078	1.3433554088304098e-48 
8.6359895	1.3420842514689599e-48 
8.6625525	1.34089567887025e-48 
8.6891973	1.3397884245592901e-48 
8.7159241	1.3387600743039999e-48 
8.742733	1.3378086871142401e-48 
8.7696244	1.3369325625639997e-48 
8.7965985	1.33612954637449e-48 
8.8236556	1.3353977239548099e-48 
8.8507959	1.3347351884947601e-48 
8.8780197	1.3341395784601598e-48 
8.9053272	1.3336092324000002e-48 
8.9327188	1.3331420331532901e-48 
8.9601945	1.3327361004756101e-48 
8.9877548	1.33238955954724e-48 
9.0153999	1.3321003097222499e-48 
9.04313	1.3318667166640901e-48 
9.0709454	1.3316869193587602e-48 
9.0988463	1.3315588298376101e-48 
9.1268331	1.33148105596324e-48 
9.1549059	1.3314517471102501e-48 
9.1830651	1.331469055449e-48 
9.2113109	1.33153159718401e-48 
9.2396436	1.3316372983628102e-48 
9.2680634	1.3317850100940101e-48 
9.2965707	1.3319726619654401e-48 
9.3251656	1.3321991082064901e-48 
9.3538485	1.3324625117875597e-48 
9.3826196	1.332761729209e-48 
9.4114792	1.3330949251672901e-48 
9.4404276	1.3334607266824899e-48 
9.469465	1.3338577612417602e-48 
9.4985917	1.3342846566337598e-48 
9.527808	1.33473980972836e-48 
9.5571142	1.3352220794276101e-48 
9.5865105	1.335730324644e-48 
9.6159973	1.3362627106048902e-48 
9.6455747	1.3368183267139599e-48 
9.6752431	1.3373955683472402e-48 
9.7050028	1.3379935240588902e-48 
9.734854	1.3386108192722502e-48 
9.764797	1.3392463100156102e-48 
9.7948322	1.3398986200920102e-48 
9.8249597	1.3405668354122501e-48 
9.8551799	1.3412493463782398e-48 
9.885493	1.34194546872169e-48 
9.9158994	1.34265405417025e-48 
9.9463993	1.3433737216e-48 
9.976993	1.3441035522830401e-48 
10.007681	1.34484239466756e-48 
10.038463	1.3455890960220898e-48 
10.06934	1.3463429665280398e-48 
10.100312	1.34710285138576e-48 
10.131379	1.347867594529e-48 
10.162542	1.3486362708639999e-48 
10.1938	1.3494077219280099e-48 
10.225155	1.3501814851236099e-48 
10.256606	1.3509561674809599e-48 
10.288154	1.35173107201609e-48 
10.319799	1.3525052683507601e-48 
10.351541	1.3532778250420901e-48 
10.383381	1.3540475768602499e-48 
10.415319	1.35481405563904e-48 
10.447355	1.3555763269808401e-48 
10.479489	1.3563332225358402e-48 
10.511723	1.3570845046360902e-48 
10.544055	1.3578287701328098e-48 
10.576487	1.3585655468550401e-48 
10.609019	1.3592941290112898e-48 
10.641651	1.36001334365521e-48 
10.674383	1.3607227166000402e-48 
10.707216	1.3614215399200901e-48 
10.74015	1.3621088716736399e-48 
10.773185	1.3627840025955601e-48 
10.806322	1.3634464564224098e-48 
10.83956	1.3640952894360103e-48 
10.872901	1.3647300245155599e-48 
10.906345	1.36534971693124e-48 
10.939891	1.3659538888440899e-48 
10.973541	1.36654182846724e-48 
11.007294	1.3671130575432101e-48 
11.041151	1.3676666299398402e-48 
11.075112	1.3682020669828901e-48 
11.109177	1.36871888999076e-48 
11.143347	1.36921638627904e-48 
11.177623	1.3696938430566398e-48 
11.212004	1.37015101569025e-48 
11.24649	1.37058695740849e-48 
11.281083	1.3710014238652902e-48 
11.315782	1.3713937026510402e-48 
11.350587	1.371763315729e-48 
11.3855	1.3721097853668102e-48 
11.42052	1.37243239987396e-48 
11.455648	1.3727306821688098e-48 
11.490884	1.37300438995729e-48 
11.526229	1.3732528127656898e-48 
11.561682	1.37347570933444e-48 
11.597244	1.3736723702212902e-48 
11.632915	1.37384255536609e-48 
11.668696	1.37398555654369e-48 
11.704588	1.37410113506436e-48 
11.740589	1.3741885841124102e-48 
11.776702	1.37424790100224e-48 
11.812925	1.37427861499369e-48 
11.84926	1.3742800217496097e-48 
11.885707	1.3742518867680097e-48 
11.922265	1.37419397650404e-48 
11.958937	1.37410582395076e-48 
11.995721	1.37398696314961e-48 
12.032618	1.373837163664e-48 
12.069628	1.3736559617424903e-48 
12.106753	1.3734433636000002e-48 
12.143991	1.3731984390602498e-48 
12.181345	1.37292143111929e-48 
12.218813	1.37261188085904e-48 
12.256396	1.372269330721e-48 
12.294095	1.37189379307369e-48 
12.33191	1.3714848130368103e-48 
12.369841	1.371041937225e-48 
12.407889	1.37056518208996e-48 
12.446054	1.3700543312462402e-48 
12.484336	1.3695087016520098e-48 
12.522736	1.36892878215129e-48 
12.561254	1.3683138927502501e-48 
12.599891	1.3676638232065602e-48 
12.638646	1.3669783648622498e-48 
12.677521	1.3662577782220902e-48 
12.716515	1.36550139008089e-48 
12.75563	1.3647092303392902e-48 
12.794864	1.3638813303208899e-48 
12.834219	1.36301702228224e-48 
12.873696	1.3621168079257602e-48 
12.913293	1.36118048977296e-48 
12.953013	1.3602074056084899e-48 
12.992854	1.35919806156225e-48 
13.032818	1.3581527314836102e-48 
13.072906	1.35707029240896e-48 
13.113116	1.3559517207715599e-48 
13.15345	1.3547970618062501e-48 
13.193908	1.3536049660920899e-48 
13.234491	1.3523773443897599e-48 
13.275198	1.3511142457753599e-48 
13.316031	1.3498127000473599e-48 
13.356989	1.34847717636025e-48 
13.398073	1.3471098152803599e-48 
13.439284	1.34570463403401e-48 
13.480621	1.3442607653907598e-48 
13.522086	1.3427810539264899e-48 
13.563678	1.34127274056889e-48 
13.605398	1.3397312450497601e-48 
13.647246	1.3381540811532101e-48 
13.689223	1.3365482500272399e-48 
13.731329	1.33491149422569e-48 
13.773565	1.33324364144689e-48 
13.81593	1.3315507523265599e-48 
13.858426	1.3298319540355601e-48 
13.901052	1.3280879903290001e-48 
13.94381	1.3263265139062501e-48 
13.986699	1.32454802227801e-48 
14.02972	1.32275508229881e-48 
14.072874	1.32095898916804e-48 
14.11616	1.3191629677232402e-48 
14.159579	1.31737413646864e-48 
14.203132	1.3156115234012098e-48 
14.246819	1.3138863115014401e-48 
14.29064	1.3122160704000001e-48 
14.334596	1.3106414530562502e-48 
14.378687	1.3091963860814402e-48 
14.422914	1.3079316628225598e-48 
14.467277	1.306956541284e-48 
14.511776	1.3063966511244101e-48 
14.556412	1.3064307120640001e-48 
14.601186	1.3074744721522499e-48 
14.646097	1.3101924882049599e-48 
14.691146	1.31543443239121e-48 
14.736334	1.32604460190801e-48 
14.781661	1.3498373306249998e-48 
14.827127	1.5909901999491602e-48 
14.872734	3.22800979355569e-48 
14.91848	5.4716755874176894e-48 
14.964367	4.9420806848568094e-48 
15.010395	2.6577802729000002e-48 
15.056565	1.49177985256336e-48 
15.102877	1.3556517741651602e-48 
15.149331	1.3109370654745598e-48 
15.195929	1.28785592443876e-48 
15.242669	1.27445562494041e-48 
15.289553	1.26501217420176e-48 
15.336582	1.2578106992665602e-48 
15.383755	1.2518210708736102e-48 
15.431073	1.24656711410529e-48 
15.478537	1.2418173766659599e-48 
15.526147	1.23739393640041e-48 
15.573903	1.2331815992664099e-48 
15.621806	1.2291221175008402e-48 
15.669857	1.2251665098817599e-48 
15.718055	1.22127761606449e-48 
15.766401	1.2174357286000898e-48 
15.814897	1.2136236889868101e-48 
15.863541	1.20982642622521e-48 
15.912335	1.2060362115302402e-48 
15.961279	1.2022460223120399e-48 
16.010374	1.1984488802216097e-48 
16.059619	1.1946417862108899e-48 
16.109016	1.1908211062562501e-48 
16.158565	1.1869838842464098e-48 
16.208267	1.1831282720890001e-48 
16.258121	1.1792528695428098e-48 
16.308129	1.1753560703545598e-48 
16.35829	1.17143714657025e-48 
16.408606	1.1674955931504098e-48 
16.459077	1.1635302633043602e-48 
16.509702	1.1595413123999998e-48 
16.560484	1.1555284670160102e-48 
16.611422	1.15149102870025e-48 
16.662516	1.14742959170596e-48 
16.713768	1.14334410696529e-48 
16.765177	1.13923431474064e-48 
16.816744	1.1351003858388099e-48 
16.86847	1.13094313045561e-48 
16.920355	1.1267618692921601e-48 
16.9724	1.1225576258672401e-48 
17.024604	1.1183305726322499e-48 
17.07697	1.11408067220004e-48 
17.129496	1.1098087328451599e-48 
17.182184	1.10551534893801e-48 
17.235034	1.10120006340864e-48 
17.288046	1.09686431050641e-48 
17.341222	1.0925088885922499e-48 
17.394561	1.088132714496e-48 
17.448064	1.083737214729e-48 
17.501732	1.0793242223680899e-48 
17.555565	1.07489265496209e-48 
17.609563	1.070442682884e-48 
17.663728	1.0659753035366401e-48 
17.718059	1.0614929508288398e-48 
17.772557	1.0569951617472898e-48 
17.827223	1.05248147938704e-48 
17.882057	1.0479545241122501e-48 
17.93706	1.04341383146169e-48 
17.992231	1.0388599623270402e-48 
18.047573	1.0342946952078402e-48 
18.103085	1.0297181713500899e-48 
18.158767	1.02513114015376e-48 
18.214621	1.02053495235409e-48 
18.270647	1.0159301420089602e-48 
18.326845	1.01131744119184e-48 
18.383215	1.00669817899225e-48 
18.439759	1.00207347371044e-48 
18.496478	9.974435559433217e-49 
18.55337	9.928103892896641e-49 
18.610438	9.881746877464576e-49 
18.667681	9.835373978290117e-49 
18.7251	9.78900269569332e-49 
18.782696	9.742642873099931e-49 
18.840468	9.696306238590976e-49 
18.898419	9.650011882056675e-49 
18.956548	9.603772641345601e-49 
19.014856	9.557602604792062e-49 
19.073343	9.511524701486116e-49 
19.132009	9.465555220477225e-49 
19.190857	9.41971242937121e-49 
19.249885	9.374024681285208e-49 
19.309095	9.328514064198289e-49 
19.368487	9.283205916866024e-49 
19.428062	9.2381374379529e-49 
19.48782	9.193341240539569e-49 
19.547762	9.14885382342888e-49 
19.607888	9.104729263877026e-49 
19.668199	9.06101863592069e-49 
19.728695	9.017780874228008e-49 
19.789378	8.975101063740101e-49 
19.850247	8.933069157457226e-49 
19.911304	8.891789176208655e-49 
19.972548	8.851412939474702e-49 
20.033981	8.812117224002885e-49 
20.095603	8.774111051550625e-49 
20.157414	8.737704807927479e-49 
20.219415	8.703300986922258e-49 
20.281607	8.671386547278399e-49 
20.343991	8.642721221940169e-49 
20.406566	8.618414092551395e-49 
20.469333	8.599848849036899e-49 
20.532294	8.589401118876482e-49 
20.595449	8.591117434734961e-49 
20.658797	8.610204570451343e-49 
20.722341	8.657471397345157e-49 
20.78608	8.756941276960902e-49 
20.850015	8.95928865908336e-49 
20.914147	9.418075567432901e-49 
20.978475	1.0366408258113599e-48 
21.043002	1.37745737399169e-48 
21.107728	2.6845839409e-48 
21.172652	3.97742673719169e-48 
21.237776	3.75528820216356e-48 
21.3031	2.1320006428238397e-48 
21.368626	1.0059596530051598e-48 
21.434353	8.666671763591521e-49 
21.500282	8.30764235262036e-49 
21.566413	8.104258459559025e-49 
21.632749	7.96292145445121e-49 
21.699288	7.857253827887105e-49 
21.766032	7.774575272296705e-49 
21.832981	7.705629137214368e-49 
21.900136	7.645932328404483e-49 
21.967498	7.592952445727402e-49 
22.035067	7.544773213307717e-49 
22.102844	7.5002353220022e-49 
22.170829	7.458623386875683e-49 
22.239023	7.419370184406755e-49 
22.307427	7.382085558636096e-49 
22.376042	7.346519687609281e-49 
22.444867	7.312467525143088e-49 
22.513904	7.279776791705665e-49 
22.583154	7.2483496348176e-49 
22.652617	7.21810457600604e-49 
22.722293	7.18897798144128e-49 
22.792183	7.160930949376657e-49 
22.862289	7.133930967685201e-49 
22.93261	7.10795234302093e-49 
23.003147	7.082981175881603e-49 
23.073902	7.059007352374202e-49 
23.144874	7.036021993238003e-49 
23.216064	7.014023640053823e-49 
23.287474	6.99301167584444e-49 
23.359102	6.972985821412834e-49 
23.430952	6.953950139561105e-49 
23.503022	6.935908513538405e-49 
23.575314	6.918864821121798e-49 
23.647828	6.90282493506408e-49 
23.720566	6.887794726722122e-49 
23.793527	6.873779078778048e-49 
23.866712	6.860784548001609e-49 
23.940123	6.8488170474564e-49 
24.013759	6.8378813607392884e-49 
24.087622	6.8279829711920994e-49 
24.161712	6.819126909780025e-49 
24.23603	6.811316937674209e-49 
24.310577	6.804557040288121e-49 
24.385353	6.798850442240164e-49 
24.460359	6.794198954078762e-49 
24.535595	6.790604626265625e-49 
24.611063	6.788068268590756e-49 
24.686763	6.7865897829391214e-49 
24.762696	6.786168329509209e-49 
24.838863	6.786802656494809e-49 
24.915264	6.7884896162286805e-49 
24.9919	6.7912261399388164e-49 
25.068771	6.795007751194569e-49 
25.145879	6.7998287252334765e-49 
25.223224	6.805683071806097e-49 
25.300807	6.812563538445025e-49 
25.378629	6.8204616007993956e-49 
25.45669	6.82936844304005e-49 
25.534991	6.8392736254098005e-49 
25.613533	6.850166227964362e-49 
25.692317	6.862034176060816e-49 
25.771343	6.874864722358415e-49 
25.850612	6.888643768605316e-49 
25.930124	6.903356678046482e-49 
26.009882	6.918987761285209e-49 
26.089885	6.935520757491075e-49 
26.170133	6.952938151118398e-49 
26.250629	6.97122181890865e-49 
26.331372	6.990352678172239e-49 
26.412364	7.010311169215199e-49 
26.493604	7.031076567795224e-49 
26.575095	7.052627467085927e-49 
26.656836	7.074941759204928e-49 
26.738829	7.097996616652881e-49 
26.821074	7.121768136143761e-49 
26.903571	7.146231993381319e-49 
26.986323	7.1713630885778e-49 
27.069329	7.197135358308626e-49 
27.152591	7.223522095585634e-49 
27.236108	7.250495933224336e-49 
27.319882	7.27802865691777e-49 
27.403915	7.306091358608328e-49 
27.488205	7.334654078334026e-49 
27.572755	7.363686472205623e-49 
27.657565	7.393157113240901e-49 
27.742636	7.423034163049025e-49 
27.827968	7.453284325748836e-49 
27.913563	7.483874212134544e-49 
27.999421	7.514769294197362e-49 
28.085543	7.545934063736897e-49 
28.17193	7.577332716111378e-49 
28.258583	7.608928273347242e-49 
28.345503	7.640683095822e-49 
28.432689	7.672558525432162e-49 
28.520144	7.704515578636901e-49 
28.607868	7.736514065991936e-49 
28.695862	7.76851346456724e-49 
28.784126	7.800472212559524e-49 
28.872662	7.832348412309136e-49 
28.96147	7.86409930157905e-49 
29.050552	7.895681430376608e-49 
29.139907	7.927051019184144e-49 
29.229537	7.95816414418285e-49 
29.319443	7.988975495582762e-49 
29.409626	8.019440346563586e-49 
29.500085	8.0495133160464e-49 
29.590824	8.079148736287224e-49 
29.681841	8.108301025671024e-49 
29.773138	8.13692398401e-49 
29.864716	8.16497243069617e-49 
29.956575	8.1924004211344e-49 
30.048718	8.219162709521605e-49 
30.141143	8.245214410804568e-49 
30.233853	8.270510659753104e-49 
30.326848	8.29500772468649e-49 
30.420129	8.318661942476602e-49 
30.513697	8.341430836496357e-49 
30.607553	8.363272597864898e-49 
30.701697	8.384146294920257e-49 
30.796131	8.404012634253604e-49 
30.890856	8.422832707584064e-49 
30.985872	8.44056966964033e-49 
31.08118	8.457187483369025e-49 
31.176781	8.472651681752063e-49 
31.272677	8.486929948966224e-49 
31.368867	8.499991043596818e-49 
31.465353	8.511805745264705e-49 
31.562136	8.52234669633425e-49 
31.659217	8.53158824136041e-49 
31.756596	8.53950700375921e-49 
31.854275	8.5460817228004e-49 
31.952254	8.551292903186401e-49 
32.050535	8.555123387088098e-49 
32.149118	8.55755818499904e-49 
32.248004	8.5585848592644e-49 
32.347194	8.558192610249998e-49 
32.446689	8.556373210443554e-49 
32.546491	8.553120826151057e-49 
32.646599	8.548431836752902e-49 
32.747015	8.5423048366681e-49 
32.847741	8.534740265460965e-49 
32.948776	8.525741698813249e-49 
33.050121	8.515313995414681e-49 
33.151779	8.503464767778289e-49 
33.253749	8.490203265005399e-49 
33.356033	8.475541099540802e-49 
33.458631	8.459491680495027e-49 
33.561545	8.442070750470564e-49 
33.664776	8.423295264934146e-49 
33.768324	8.403184293805456e-49 
33.87219	8.381758633283024e-49 
33.976376	8.359040784284099e-49 
34.080883	8.335054381517362e-49 
34.185711	8.309825084530566e-49 
34.290861	8.283379274877185e-49 
34.396335	8.255744944876898e-49 
34.502133	8.22695130666685e-49 
34.608257	8.197028403903366e-49 
34.714707	8.16600726891737e-49 
34.821485	8.133920077309504e-49 
34.92859	8.100799579731364e-49 
35.036026	8.066679258313636e-49 
35.143792	8.031592942914025e-49 
35.251889	7.995575504952323e-49 
35.360319	7.958661757214222e-49 
35.469082	7.920886792404496e-49 
35.57818	7.882286494546566e-49 
35.687613	7.842896271376383e-49 
35.797383	7.802751925576967e-49 
35.907491	7.761889455715395e-49 
36.017937	7.720344332940101e-49 
36.128724	7.678152191504355e-49 
36.23985	7.6353482850304e-49 
36.351319	7.591967997610001e-49 
36.46313	7.5480457826601e-49 
36.575286	7.503616199509058e-49 
36.687786	7.458713205000964e-49 
36.800633	7.413370319066762e-49 
36.913826	7.367620444504336e-49 
37.027368	7.32149603287908e-49 
37.141259	7.275028906688398e-49 
37.2555	7.228250425497924e-49 
37.370093	7.181190801996649e-49 
37.485038	7.133880290214602e-49 
37.600336	7.086347657119808e-49 
37.71599	7.038621705492036e-49 
37.831999	6.990729756821055e-49 
37.948365	6.9426989985796e-49 
38.065088	6.89455564563852e-49 
38.182171	6.84632478143544e-49 
38.299614	6.798031357530625e-49 
38.417418	6.749698872215601e-49 
38.535585	6.701350533597729e-49 
38.654115	6.653008440832575e-49 
38.773009	6.604694083794361e-49 
38.89227	6.5564281847070764e-49 
39.011897	6.508230543696025e-49 
39.131892	6.460120370515876e-49 
39.252256	6.4121158086733444e-49 
39.37299	6.364234427927104e-49 
39.494096	6.316493070471423e-49 
39.615574	6.268908017662095e-49 
39.737426	6.2214943646025e-49 
39.859653	6.1742669808620154e-49 
39.982255	6.127239571142596e-49 
40.105235	6.080425473188888e-49 
40.228593	6.0338375057283995e-49 
40.352331	5.987487201111025e-49 
40.476449	5.941386214230545e-49 
40.600948	5.895545088697209e-49 
40.725831	5.849973887354884e-49 
40.851098	5.804682046679297e-49 
40.97675	5.759678690147209e-49 
41.102789	5.714971876189489e-49 
41.229215	5.670569671144225e-49 
41.35603	5.62647924723932e-49 
41.483236	5.582707346645288e-49 
41.610832	5.539260437259264e-49 
41.738821	5.496144271920225e-49 
41.867204	5.453364196528609e-49 
41.995982	5.410925156938081e-49 
42.125155	5.3688317058253436e-49 
42.254726	5.3270880095314085e-49 
42.384696	5.2856975640568095e-49 
42.515065	5.244663931682704e-49 
42.645835	5.20399016208397e-49 
42.777008	5.163678658105081e-49 
42.908584	5.1237317605810086e-49 
43.040565	5.084151749284644e-49 
43.172951	5.044939991563081e-49 
43.305745	5.006098091826225e-49 
43.438947	4.9676273230716085e-49 
43.572559	4.9295283523599994e-49 
43.706582	4.891802091733561e-49 
43.841018	4.854448857515625e-49 
43.975866	4.817469214656081e-49 
44.11113	4.7808631424137954e-49 
44.24681	4.744631147726089e-49 
44.382906	4.708773157491001e-49 
44.519422	4.673289896946226e-49 
44.656357	4.63818301109885e-49 
44.793714	4.6034542335376005e-49 
44.931493	4.569108629613124e-49 
45.069696	4.5351640975151295e-49 
45.208324	4.501726276959025e-49 
45.347378	4.469507189223129e-49 
45.48686	4.438113678250561e-49 
45.626772	4.405737798535825e-49 
45.767113	4.372926799915881e-49 
45.907886	4.340336993362756e-49 
46.049092	4.3081761243432044e-49 
46.190733	4.2763201744292405e-49 
46.332809	4.2450712110325205e-49 
46.475322	4.2144637070478005e-49 
46.618273	4.1842798897201e-49 
46.761665	4.154458884728465e-49 
46.905497	4.124986397767249e-49 
47.049772	4.095854977283689e-49 
47.19449	4.067059429797001e-49 
47.339654	4.038595509503025e-49 
47.485264	4.010459395363344e-49 
47.631321	3.982647684001284e-49 
47.777829	3.9551568796414436e-49 
47.924786	3.927983772029641e-49 
48.072196	3.901125306902121e-49 
48.22006	3.874578085639881e-49 
48.368378	3.8483389917403236e-49 
48.517152	3.8224049390112015e-49 
48.666384	3.796772748089764e-49 
48.816075	3.771439148257937e-49 
48.966226	3.7464010240382015e-49 
49.116839	3.7216550468261606e-49 
49.267916	3.6971981650681e-49 
49.419457	3.6730272363050254e-49 
49.571464	3.649139028874815e-49 
49.723939	3.625530223565376e-49 
49.876882	3.602197775329344e-49 
50.030297	3.579138550113604e-49 
50.184183	3.556349326468225e-49 
50.338542	3.5338269160000006e-49 
50.493376	3.511568163012196e-49 
50.648687	3.489569944146724e-49 
50.804475	3.467829285805284e-49 
50.960742	3.446342892324721e-49 
51.11749	3.4251077363364e-49 
51.27472	3.4041208213843362e-49 
51.432434	3.3833789489123997e-49 
51.590633	3.3628791853735693e-49 
51.749319	3.3426183958059244e-49 
51.908492	3.322593708099136e-49 
52.068155	3.3028021643401205e-49 
52.228309	3.2832406075857612e-49 
52.388956	3.2639063704496644e-49 
52.550097	3.2447962426507693e-49 
52.711734	3.225907614961476e-49 
52.873868	3.2072375644204838e-49 
53.0365	3.1887830848147215e-49 
53.199633	3.1705415383838438e-49 
53.363268	3.1525100891395243e-49 
53.527405	3.1346859296867557e-49 
53.692048	3.117066392521636e-49 
53.857197	3.099648725411121e-49 
54.022854	3.0824303146903206e-49 
54.189021	3.0654084619091614e-49 
54.355699	3.048580495458304e-49 
54.522889	3.031943770221921e-49 
54.690594	3.0154958868879606e-49 
54.858814	2.9992342505202245e-49 
55.027552	2.9831561824487288e-49 
55.196809	2.9672593571731363e-49 
55.366587	2.9515413630481e-49 
55.536886	2.9359995950682248e-49 
55.70771	2.9206317978369e-49 
55.879059	2.9054355219764637e-49 
56.050935	2.890408449225361e-49 
56.22334	2.875548283491321e-49 
56.396275	2.860852643589721e-49 
56.569742	2.8463192777226494e-49 
56.743742	2.8319460618250243e-49 
56.918278	2.8177306794546014e-49 
57.09335	2.8036709418888042e-49 
57.268961	2.789764892150625e-49 
57.445113	2.776010169876736e-49 
57.621806	2.762404752085056e-49 
57.799042	2.748946529577609e-49 
57.976824	2.7356336217912247e-49 
58.155152	2.722463747890756e-49 
58.334029	2.709435168495225e-49 
58.513456	2.696545848332176e-49 
58.693435	2.6837937705690253e-49 
58.873968	2.6711770399317614e-49 
59.055056	2.658693778125529e-49 
59.236701	2.6463421236121e-49 
59.418905	2.6341203340371243e-49 
59.601669	2.622026477598529e-49 
59.784995	2.6100588439002247e-49 
59.968885	2.598215635563025e-49 
60.153341	2.5864950708992162e-49 
60.338364	2.5748954851911836e-49 
60.523956	2.5634152280927612e-49 
60.710119	2.5520525624083354e-49 
60.896855	2.5408058666496493e-49 
61.084165	2.5296735331396004e-49 
61.272051	2.5186539678332493e-49 
61.460516	2.5077455901408164e-49 
61.649559	2.4969468327526808e-49 
61.839185	2.486256141466384e-49 
62.029393	2.4756720745278764e-49 
62.220187	2.4651932021069443e-49 
62.411567	2.454817907962161e-49 
62.603536	2.444544786906244e-49 
62.796096	2.4343725438883207e-49 
62.989248	2.4242995989293284e-49 
63.182994	2.4143246796652836e-49 
63.377336	2.404446425874025e-49 
63.572275	2.3946634882194014e-49 
63.767815	2.3849745281124014e-49 
63.963955	2.3753782175739037e-49 
64.160699	2.365873336379536e-49 
64.358049	2.356458576783424e-49 
64.556005	2.3471327381506557e-49 
64.75457	2.3378945324648414e-49 
64.953746	2.328742778188401e-49 
65.153534	2.319676206542289e-49 
65.353937	2.310693846884329e-49 
65.554957	2.3017944480804e-49 
65.756594	2.292976768491369e-49 
65.958852	2.284239767025841e-49 
66.161732	2.275582410394225e-49 
66.365237	2.2670034825636002e-49 
66.569367	2.25850206169e-49 
66.774125	2.250076948120576e-49 
66.979512	2.2417271404281608e-49 
67.185532	2.2334517390292807e-49 
67.392185	2.2252495678476007e-49 
67.599474	2.21711964769e-49 
67.8074	2.2090611944238006e-49 
68.015966	2.201073054204025e-49 
68.225173	2.193154268765625e-49 
68.435024	2.185304073639696e-49 
68.645521	2.1775214297664e-49 
68.856665	2.1698053985689003e-49 
69.068458	2.1621552340383614e-49 
69.280903	2.154569916849025e-49 
69.494001	2.147048620097536e-49 
69.707755	2.1395905225812636e-49 
69.922166	2.132194808733025e-49 
70.137236	2.1248605763640997e-49 
70.352969	2.117587113493504e-49 
70.569364	2.1103735291952037e-49 
70.786426	2.103219121991689e-49 
71.004155	2.096123011966096e-49 
71.222553	2.089084507902016e-49 
71.441624	2.082102831904225e-49 
71.661368	2.075177302324996e-49 
71.881788	2.0683071510360247e-49 
72.102886	2.0614916149371036e-49 
72.324665	2.0547300265568997e-49 
72.547125	2.048021722745476e-49 
72.77027	2.041365954264484e-49 
72.994101	2.0347620669055687e-49 
73.21862	2.0282095007086092e-49 
73.44383	2.0217074294868006e-49 
73.669733	2.0152553016440247e-49 
73.896331	2.008852569050625e-49 
74.123625	2.002498418512656e-49 
74.351619	1.996192399355361e-49 
74.580314	1.989933796038276e-49 
74.809713	1.983722075610025e-49 
75.039817	1.9775567083939842e-49 
75.270628	1.9714369903516887e-49 
75.50215	1.965362399078464e-49 
75.734384	1.959332415336409e-49 
75.967332	1.9533465230224e-49 
76.200997	1.9474040326188008e-49 
76.43538	1.9415045231250487e-49 
76.670485	1.9356474880480357e-49 
76.906312	1.9298323360404487e-49 
77.142865	1.9240586547126492e-49 
77.380146	1.9183257713004162e-49 
77.618156	1.912633366864896e-49 
77.856898	1.9069809496340493e-49 
78.096375	1.9013679434836836e-49 
78.336589	1.895793862711225e-49 
78.577541	1.8902583983184045e-49 
78.819234	1.884760895751889e-49 
79.061671	1.879301051020836e-49 
79.304853	1.8738784752691243e-49 
79.548784	1.8684925224799694e-49 
79.793465	1.863142895611321e-49 
80.038898	1.857829213066849e-49 
80.285086	1.8525509232129e-49 
80.532032	1.8473077353811237e-49 
80.779737	1.8420992746598557e-49 
81.028204	1.836924996765769e-49 
81.277435	1.8317846172186093e-49 
81.527433	1.8266777676018007e-49 
81.7782	1.821603996144009e-49 
82.029738	1.8165630240186492e-49 
82.28205	1.8115543185201642e-49 
82.535138	1.806577689861025e-49 
82.789004	1.801632779466025e-49 
83.043651	1.796719145900176e-49 
83.299082	1.791836434747921e-49 
83.555298	1.7869843780166438e-49 
83.812302	1.7821626246862244e-49 
84.070097	1.7773708255833762e-49 
84.328684	1.772608633364881e-49 
84.588067	1.767875786593225e-49 
84.848248	1.7631720251801643e-49 
85.10923	1.758496838769225e-49 
85.371013	1.7538501384520362e-49 
85.633603	1.749231501154225e-49 
85.896999	1.744640673058816e-49 
86.161206	1.7400773182067564e-49 
86.426226	1.7355412689895842e-49 
86.692061	1.731032108994276e-49 
86.958713	1.7265495901329e-49 
87.226186	1.722093548553225e-49 
87.494481	1.717663572537025e-49 
87.763602	1.7132594180054442e-49 
88.03355	1.7088809247637689e-49 
88.304329	1.704527768249329e-49 
88.57594	1.700199707976484e-49 
88.848387	1.6958965046376961e-49 
89.121672	1.691617837835524e-49 
89.395798	1.6873635530559612e-49 
89.670767	1.6831333324160639e-49 
89.946581	1.678927105432369e-49 
90.223244	1.674744474544164e-49 
90.500758	1.670585207620849e-49 
90.779126	1.6664492369315561e-49 
91.058349	1.6623361688670488e-49 
91.338432	1.658245937492356e-49 
91.619376	1.6541782331281e-49 
91.901184	1.650132828817929e-49 
92.183859	1.646109579820176e-49 
92.467404	1.6421082610142248e-49 
92.75182	1.638128648335204e-49 
93.037112	1.634170599615376e-49 
93.32328	1.6302338925840251e-49 
93.61033	1.626318225348496e-49 
93.898262	1.6224236196624e-49 
94.187079	1.6185497752896159e-49 
94.476786	1.614696473757796e-49 
94.767383	1.610863577869225e-49 
95.058874	1.6070509510416e-49 
95.351261	1.603258297141264e-49 
95.644548	1.5994855613577611e-49 
95.938737	1.5957325293176409e-49 
96.233831	1.591999067418769e-49 
96.529833	1.588284883237264e-49 
96.826745	1.584590004134281e-49 
97.12457	1.5809141392255209e-49 
97.423312	1.577257157801809e-49 
97.722972	1.573618929725956e-49 
98.023554	1.5699992461826561e-49 
98.32506	1.566398057596009e-49 
98.627494	1.5628150773919358e-49 
98.930858	1.5592503361743358e-49 
99.235156	1.555703469953649e-49 
99.540389	1.552174510341316e-49 
99.846561	1.548663252657481e-49 
100.15367	1.5451695717360248e-49 
100.46173	1.541693342946409e-49 
100.77074	1.538234363749561e-49 
101.0807	1.5347925891920409e-49 
101.39161	1.531367896228416e-49 
101.70347	1.5279600841569002e-49 
102.0163	1.5245690312329002e-49 
102.33008	1.521194616225025e-49 
102.64484	1.5178367963306249e-49 
102.96056	1.514495373244324e-49 
103.27725	1.5111702272555288e-49 
103.59492	1.5078613168161e-49 
103.91356	1.5045683678027558e-49 
104.23318	1.5012914947290088e-49 
104.55379	1.4980303471336092e-49 
104.87538	1.494784962677601e-49 
105.19796	1.4915552243529642e-49 
105.52154	1.488341015634529e-49 
105.84611	1.4851421434017639e-49 
106.17168	1.481958646318656e-49 
106.49824	1.4787903321318488e-49 
106.82582	1.475637086216484e-49 
107.1544	1.472498794415104e-49 
107.48399	1.469375496364356e-49 
107.8146	1.466266925178225e-49 
108.14622	1.4631731210909161e-49 
108.47886	1.460093894880625e-49 
108.81253	1.457029134444601e-49 
109.14722	1.453978880655625e-49 
109.48294	1.4509429456500249e-49 
109.81969	1.447921294536721e-49 
110.15748	1.4449137405044412e-49 
110.49631	1.4419202493906252e-49 
110.83618	1.438940787157129e-49 
111.1771	1.435975244101696e-49 
111.51906	1.4330235109582092e-49 
111.86208	1.430085478893841e-49 
112.20615	1.4271611906173691e-49 
112.55128	1.4242503867345642e-49 
112.89747	1.421353185902244e-49 
113.24473	1.4184693296551839e-49 
113.59306	1.415598861558025e-49 
113.94245	1.412741674639936e-49 
114.29292	1.409897662348816e-49 
114.64447	1.4070667935703209e-49 
114.9971	1.4042489623560998e-49 
115.35082	1.401444212913424e-49 
115.70562	1.3986522900736e-49 
116.06151	1.395873238563769e-49 
116.4185	1.393106953625104e-49 
116.77659	1.3903534054782489e-49 
117.13578	1.3876124899502408e-49 
117.49607	1.3848841776970239e-49 
117.85747	1.382168439480676e-49 
118.21998	1.379465097604801e-49 
118.58361	1.376774123478649e-49 
118.94836	1.3740955627520248e-49 
119.31423	1.371429238692969e-49 
119.68122	1.3687751232355209e-49 
120.04934	1.3661331884151209e-49 
120.4186	1.3635033325173162e-49 
120.78899	1.3608855279931242e-49 
121.16052	1.358279673683716e-49 
121.53319	1.355685816090321e-49 
121.90701	1.353103780824481e-49 
122.28198	1.350533614654449e-49 
122.6581	1.347975217307524e-49 
123.03538	1.3454284888868888e-49 
123.41382	1.342893476451121e-49 
123.79342	1.340370080434225e-49 
124.17419	1.337858274795025e-49 
124.55613	1.3353579605025001e-49 
124.93925	1.3328691119104e-49 
125.32355	1.330391630517156e-49 
125.70902	1.3279256368297962e-49 
126.09569	1.325470886838289e-49 
126.48354	1.323027428421136e-49 
126.87259	1.320595236600025e-49 
127.26283	1.3181742864888998e-49 
127.65427	1.315764408200089e-49 
128.04692	1.3133656499097688e-49 
128.44077	1.3109779872049e-49 
128.83584	1.3086013234140249e-49 
129.23212	1.306235706785689e-49 
129.62962	1.3038809687412639e-49 
130.02834	1.3015371577733288e-49 
130.42829	1.299204178025625e-49 
130.82947	1.2968820060135041e-49 
131.23188	1.294570690300449e-49 
131.63553	1.292270063592964e-49 
132.04042	1.2899801746944358e-49 
132.44656	1.287701000471601e-49 
132.85395	1.285432374467329e-49 
133.26259	1.283174417387776e-49 
133.67248	1.280927034781681e-49 
134.08364	1.278690132535729e-49 
134.49606	1.276463759782689e-49 
134.90975	1.2742478940988811e-49 
135.32472	1.272042370484209e-49 
135.74096	1.2698473095968889e-49 
136.15848	1.2676626180625001e-49 
136.57728	1.265488273984804e-49 
136.99737	1.263324255552529e-49 
137.41876	1.2611704700134441e-49 
137.84144	1.2590269668728999e-49 
138.26542	1.2568936536684161e-49 
138.6907	1.2547705091075998e-49 
139.1173	1.252657582767409e-49 
139.5452	1.2505547826178562e-49 
139.97442	1.248462016950724e-49 
140.40496	1.2463794062018008e-49 
140.83683	1.2443068587707559e-49 
141.27002	1.242244283376196e-49 
141.70455	1.240191729918736e-49 
142.14041	1.238149177774336e-49 
142.57762	1.236116536085601e-49 
143.01617	1.234093854827584e-49 
143.45606	1.232081043424144e-49 
143.89731	1.2300780817559608e-49 
144.33992	1.228085019873936e-49 
144.78389	1.2261018376531691e-49 
145.22922	1.2241283751021158e-49 
145.67593	1.2221647524377288e-49 
146.12401	1.2202109497843242e-49 
146.57346	1.218266807735041e-49 
147.0243	1.2163323766658489e-49 
147.47653	1.2144077068126088e-49 
147.93015	1.212492708989956e-49 
148.38516	1.210587363902016e-49 
148.84157	1.2086917218675359e-49 
149.29939	1.2068056246356641e-49 
149.75861	1.2049291921681e-49 
150.21925	1.203062335965721e-49 
150.6813	1.201205037144025e-49 
151.14477	1.1993572769006441e-49 
151.60967	1.197519105725721e-49 
152.076	1.195690366507536e-49 
152.54377	1.1938712481633641e-49 
153.01297	1.1920615247475359e-49 
153.48362	1.1902613160268959e-49 
153.95571	1.1884705345884011e-49 
154.42926	1.186689231102736e-49 
154.90426	1.1849173872716411e-49 
155.38072	1.183154847292324e-49 
155.85865	1.181401799568676e-49 
156.33805	1.179658088514801e-49 
156.81892	1.177923833601025e-49 
157.30128	1.176198811020025e-49 
157.78511	1.174483208898756e-49 
158.27044	1.172776940880561e-49 
158.75725	1.1710799893341162e-49 
159.24557	1.169392336711641e-49 
159.73539	1.167714033892561e-49 
160.22671	1.1660449267600002e-49 
160.71954	1.164385134655744e-49 
161.21389	1.1627346402210251e-49 
161.70976	1.1610933580324001e-49 
162.20716	1.1594613391464961e-49 
162.70609	1.157838566458729e-49 
163.20655	1.156225022949481e-49 
163.70855	1.1546206916840998e-49 
164.21209	1.1530255558129e-49 
164.71719	1.1514396664369e-49 
165.22383	1.149862938917641e-49 
165.73204	1.148295356661049e-49 
166.24181	1.146737038612036e-49 
166.75314	1.1451878327093758e-49 
167.26605	1.1436477902510442e-49 
167.78054	1.1421168948483998e-49 
168.29661	1.1405951977446008e-49 
168.81426	1.139082615088804e-49 
169.33351	1.1375791307522889e-49 
169.85436	1.136084796104449e-49 
170.37681	1.1345996624247609e-49 
170.90086	1.1331235789338009e-49 
171.42653	1.131656597130816e-49 
171.95381	1.130198768428041e-49 
172.48272	1.128750076959376e-49 
173.01325	1.127310439797136e-49 
173.54541	1.1258799084899558e-49 
174.07921	1.124458467438916e-49 
174.61466	1.123046168158161e-49 
175.15175	1.121642928119844e-49 
175.69049	1.1202487989339242e-49 
176.23089	1.1188637652352409e-49 
176.77295	1.1174877448917158e-49 
177.31668	1.1161208564760248e-49 
177.86208	1.114763084772624e-49 
178.40916	1.113414347922496e-49 
178.95792	1.1120746977106561e-49 
179.50837	1.110744119197584e-49 
180.06051	1.1094226641520089e-49 
180.61435	1.1081102511241e-49 
181.16989	1.1068069319892641e-49 
181.72715	1.105512692061001e-49 
182.28611	1.104227516746561e-49 
182.8468	1.102951391546944e-49 
183.40921	1.1016843684401609e-49 
183.97335	1.100426499346329e-49 
184.53923	1.099177637207104e-49 
185.10684	1.097937900441316e-49 
185.67621	1.0967072085649001e-49 
186.24732	1.095485679926884e-49 
186.82019	1.09427316804e-49 
187.39482	1.0930697912992359e-49 
187.97122	1.0918755357315999e-49 
188.54939	1.090690387462404e-49 
189.12935	1.089514332715264e-49 
189.71108	1.0883473578121001e-49 
190.2946	1.087189515118249e-49 
190.87992	1.0860408569579558e-49 
191.46704	1.084901237989921e-49 
192.05597	1.0837707766142759e-49 
192.64671	1.0826494594423208e-49 
193.23926	1.0815373389602249e-49 
193.83364	1.0804342704016e-49 
194.42984	1.0793404379024888e-49 
195.02788	1.0782556969344158e-49 
195.62776	1.077180165898929e-49 
196.22948	1.0761137662139289e-49 
196.83305	1.0750566162591361e-49 
197.43849	1.0740085720849e-49 
198.04578	1.0729697521510892e-49 
198.65494	1.0719402092880039e-49 
199.26597	1.0709197999579209e-49 
199.87889	1.0699086426537642e-49 
200.49369	1.0689066595630439e-49 
201.11038	1.067913969176209e-49 
201.72896	1.0669304938656039e-49 
202.34945	1.065956352126169e-49 
202.97185	1.064991401250436e-49 
203.59616	1.064035759832721e-49 
204.2224	1.0630893507126008e-49 
204.85056	1.062152292499684e-49 
205.48065	1.0612245082264809e-49 
206.11268	1.0603060514002812e-49 
206.74665	1.0593969755276411e-49 
207.38257	1.0584972039789159e-49 
208.02045	1.0576067253899559e-49 
208.66029	1.0567257235531241e-49 
209.3021	1.0558539921246492e-49 
209.94589	1.054991714964496e-49 
210.59165	1.054138815990016e-49 
211.2394	1.053295349158144e-49 
211.88914	1.0524613035556e-49 
212.54088	1.0516367332446009e-49 
213.19463	1.0508215626388841e-49 
213.85039	1.050015910794601e-49 
214.50816	1.0492197023389212e-49 
215.16796	1.048432991635225e-49 
215.82978	1.047655833070144e-49 
216.49364	1.046888151633801e-49 
217.15955	1.046130066596356e-49 
217.8275	1.0453815031695999e-49 
218.4975	1.044642580706761e-49 
219.16957	1.0439132246453158e-49 
219.84371	1.043193425235025e-49 
220.51991	1.0424833020001e-49 
221.1982	1.0417827807556e-49 
221.87858	1.0410919811258492e-49 
222.56104	1.0404108291600002e-49 
223.24561	1.0397393801001e-49 
223.93228	1.0390776247645288e-49 
224.62107	1.038425618550544e-49 
225.31197	1.0377833524760249e-49 
226.005	1.037150882099929e-49 
226.70016	1.036528134254649e-49 
227.39745	1.035915293467044e-49 
228.09689	1.0353122224078241e-49 
228.79849	1.0347190413684009e-49 
229.50224	1.0341356776804e-49 
230.20816	1.033562187479844e-49 
230.91624	1.032998691248209e-49 
231.62651	1.032445052412489e-49 
232.33896	1.031901391661284e-49 
233.0536	1.0313677012273959e-49 
233.77044	1.0308440376976e-49 
234.48949	1.0303303935375998e-49 
235.21074	1.029826761355396e-49 
235.93422	1.029333198067729e-49 
236.65992	1.0288497606733438e-49 
237.38785	1.028376377982864e-49 
238.11802	1.0279131713772251e-49 
238.85044	1.027460134052361e-49 
239.58511	1.0270172593521e-49 
240.32204	1.0265845407681642e-49 
241.06123	1.0261621641427559e-49 
241.8027	1.025749930983561e-49 
242.54646	1.0253480913972488e-49 
243.29249	1.0249565112633641e-49 
244.04083	1.0245752487661691e-49 
244.79146	1.024204362195249e-49 
245.54441	1.0238439099487211e-49 
246.29967	1.0234938225681e-49 
247.05725	1.023154158741961e-49 
247.81716	1.0228250412364962e-49 
248.57941	1.0225064010357161e-49 
249.34401	1.022198233267225e-49 
250.11095	1.0219006610867612e-49 
250.88026	1.0216136798868638e-49 
251.65193	1.021337349140161e-49 
252.42598	1.0210716006325209e-49 
253.2024	1.0208165580484e-49 
253.98122	1.0205722173888162e-49 
254.76243	1.020338574822121e-49 
255.54604	1.0201157544410008e-49 
256.33206	1.0199036888367611e-49 
257.1205	1.0197024385284e-49 
257.91137	1.01951212804e-49 
258.70467	1.0193326266061209e-49 
259.50041	1.019164059073801e-49 
260.29859	1.019006486578161e-49 
261.09924	1.0188599065722248e-49 
261.90234	1.018724316686521e-49 
262.70792	1.0185997785601e-49 
263.51597	1.018486353995289e-49 
264.3265	1.018384104961161e-49 
265.13954	1.018292902132804e-49 
265.95507	1.0182129993025002e-49 
266.77311	1.018144267507129e-49 
267.59366	1.018086833245729e-49 
268.41674	1.0180406955624999e-49 
269.24236	1.0180058536896159e-49 
270.07051	1.017982434670569e-49 
270.90121	1.017970438111201e-49 
271.73446	1.0179698638095999e-49 
272.57028	1.017980775567721e-49 
273.40866	1.0180031735702438e-49 
274.24963	1.0180371858230252e-49 
275.09318	1.0180828129081001e-49 
275.93933	1.0181400556062491e-49 
276.78808	1.018208978715769e-49 
277.63944	1.0182896472438012e-49 
278.49342	1.018382062585801e-49 
279.35003	1.018486290167824e-49 
280.20927	1.0186023956336011e-49 
281.07115	1.018730317178025e-49 
281.93569	1.0188702485440091e-49 
282.80288	1.019022064515625e-49 
283.67274	1.0191859592948639e-49 
284.54528	1.019361871937809e-49 
285.4205	1.019549869412881e-49 
286.29841	1.0197500189256249e-49 
287.17903	1.0199623879224999e-49 
288.06235	1.0201869802139559e-49 
288.94839	1.020423799829329e-49 
289.83715	1.0206729788087292e-49 
290.72865	1.020934521668356e-49 
291.62289	1.021208497060609e-49 
292.51988	1.0214949099755558e-49 
293.41963	1.0217938295601002e-49 
294.32215	1.0221053252259241e-49 
295.22744	1.0224294027025e-49 
296.13552	1.022766131911225e-49 
297.04639	1.023115519075329e-49 
297.96006	1.023477698618244e-49 
298.87654	1.0238526772992039e-49 
299.79584	1.0242405261225641e-49 
300.71797	1.024641188340289e-49 
301.64294	1.0250548635244842e-49 
302.57075	1.0254814954596e-49 
303.50142	1.025921220300025e-49 
304.43494	1.026374046407329e-49 
305.37134	1.026839982390336e-49 
306.31062	1.0273191653124e-49 
307.25279	1.027811604369001e-49 
308.19785	1.0283173090077692e-49 
309.14583	1.0288364172304e-49 
310.09672	1.029369003255961e-49 
311.05053	1.0299150132595208e-49 
312.00728	1.030474522010025e-49 
312.96697	1.0310476688247611e-49 
313.92961	1.031634464950489e-49 
314.89521	1.0322349861553959e-49 
315.86378	1.032849244272784e-49 
316.83534	1.033477315698564e-49 
317.80988	1.034119277175625e-49 
318.78741	1.0347751414622411e-49 
319.76796	1.0354450503022238e-49 
320.75152	1.0361290171257642e-49 
321.73811	1.036827055640401e-49 
322.72773	1.037539308674449e-49 
323.72039	1.038265855069689e-49 
324.71611	1.039006645107876e-49 
325.71489	1.039761822734244e-49 
326.71674	1.040531403338361e-49 
327.72168	1.0413155316752412e-49 
328.7297	1.0421142238584361e-49 
329.74083	1.0429275608833209e-49 
330.75506	1.043755559526436e-49 
331.77242	1.044598301500516e-49 
332.7929	1.045455933587121e-49 
333.81653	1.046328409e-49 
334.8433	1.047215940032656e-49 
335.87323	1.048118415867649e-49 
336.90633	1.049036049658276e-49 
337.94261	1.0499688607877289e-49 
338.98207	1.050916933786801e-49 
340.02473	1.0518803536170251e-49 
341.0706	1.0528592056752642e-49 
342.11968	1.0538534459458811e-49 
343.17199	1.0548633553956001e-49 
344.22754	1.055888825880249e-49 
345.28634	1.0569300094116e-49 
346.34839	1.0579870585843691e-49 
347.41371	1.059059931326401e-49 
348.4823	1.0601487811254762e-49 
349.55418	1.061253696918321e-49 
350.62936	1.0623747029281e-49 
351.70785	1.063511954163961e-49 
352.78965	1.064665475740944e-49 
353.87478	1.065835423708225e-49 
354.96325	1.0670218894206011e-49 
356.05507	1.068224964731521e-49 
357.15024	1.0694446765932252e-49 
358.24879	1.070681183200225e-49 
359.35071	1.0719346434105691e-49 
360.45602	1.073205020196864e-49 
361.56473	1.074492604538116e-49 
362.67685	1.0757973604225e-49 
363.7924	1.077119448972004e-49 
364.91137	1.0784589663302008e-49 
366.03379	1.0798161406291359e-49 
367.15965	1.0811910693608998e-49 
368.28898	1.0825838505801642e-49 
369.42179	1.0839946487574759e-49 
370.55808	1.085423629109824e-49 
371.69786	1.0868709576110759e-49 
372.84115	1.0883368010025e-49 
373.98796	1.089821392828249e-49 
375.13829	1.091324901532849e-49 
376.29216	1.092847628596516e-49 
377.44959	1.094389678196721e-49 
378.61057	1.095951419994649e-49 
379.77512	1.097533158805444e-49 
380.94325	1.0991351343848488e-49 
382.11498	1.100757852984241e-49 
383.29031	1.1024016235243559e-49 
384.46926	1.104066955615009e-49 
385.65183	1.1057543608232249e-49 
386.83804	1.1074645523881e-49 
388.0279	1.1091981796091289e-49 
389.22142	1.1109561609580809e-49 
390.41861	1.1127394850624999e-49 
391.61948	1.114549411377424e-49 
392.82405	1.116387337738689e-49 
394.03232	1.1182552023443291e-49 
395.24431	1.120155151500961e-49 
396.46002	1.122090143692996e-49 
397.67948	1.1240636181353642e-49 
398.90268	1.126080369808641e-49 
400.12965	1.128146421827881e-49 
401.36039	1.130269973382144e-49 
402.59492	1.132462017197329e-49 
403.83324	1.134738039772129e-49 
405.07538	1.1371200038640999e-49 
406.32133	1.1396403057564812e-49 
407.57112	1.1423478630577689e-49 
408.82475	1.1453202887415611e-49 
410.08224	1.1486862368910761e-49 
411.34359	1.152671826942441e-49 
412.60883	1.157706205106724e-49 
413.87795	1.1646874165852892e-49 
415.15098	1.175768370091441e-49 
416.42793	1.197259926885136e-49 
417.7088	1.2550113952995999e-49 
418.99361	1.565969143339584e-49 
420.28238	3.467035046193156e-47 
421.57511	1.5092852042304001e-49 
422.87181	1.2520338958962811e-49 
424.17251	1.2049611969276009e-49 
425.4772	1.1898986089386489e-49 
426.78591	1.1841870516563611e-49 
428.09864	1.182177761027344e-49 
429.41541	1.1819273298889001e-49 
430.73623	1.182622991589796e-49 
432.06111	1.183876675585081e-49 
433.39007	1.185484258063044e-49 
434.72312	1.1873301259296491e-49 
436.06027	1.189345030081924e-49 
437.40153	1.191485282338404e-49 
438.74691	1.193722469983521e-49 
440.09643	1.1960374240830758e-49 
441.45011	1.198416655604025e-49 
442.80795	1.200850854357025e-49 
444.16996	1.203333103784464e-49 
445.53616	1.2058584056227841e-49 
446.90657	1.208422924214884e-49 
448.28119	1.211023783254289e-49 
449.66004	1.2136589311616641e-49 
451.04313	1.2163265175121292e-49 
452.43047	1.2190253827279359e-49 
453.82209	1.2217543626816091e-49 
455.21798	1.224512708469444e-49 
456.61816	1.2272998784656e-49 
458.02266	1.230115188708004e-49 
459.43147	1.232958444066064e-49 
460.84462	1.235829308244496e-49 
462.26211	1.2387274437136e-49 
463.68396	1.2416527935648359e-49 
465.11019	1.2446051597974441e-49 
466.5408	1.247584555672569e-49 
467.97581	1.2505908533256362e-49 
469.41524	1.2536240661549162e-49 
470.8591	1.256684136967081e-49 
472.30739	1.2597711504950252e-49 
473.76014	1.2628851210390251e-49 
475.21736	1.2660261343501211e-49 
476.67906	1.269194134314001e-49 
478.14526	1.2723893501014889e-49 
479.61597	1.2756117265098488e-49 
481.0912	1.2788614943359291e-49 
482.57096	1.282138599283369e-49 
484.05528	1.2854432737802411e-49 
485.54417	1.2887755362304e-49 
487.03763	1.2921356209789439e-49 
488.53569	1.2955234758111608e-49 
490.03836	1.2989393367216012e-49 
491.54565	1.3023833689254011e-49 
493.05757	1.3058555941173759e-49 
494.57415	1.3093561789907292e-49 
496.09539	1.3128853637376e-49 
497.62131	1.316443099718041e-49 
499.15192	1.320029701477369e-49 
500.68724	1.323645194344225e-49 
502.22728	1.3272898224961209e-49 
503.77206	1.3309636856406248e-49 
505.32159	1.3346669572128362e-49 
506.87589	1.338399738549316e-49 
508.43497	1.3421622049230242e-49 
509.99884	1.345954532686009e-49 
511.56753	1.3497768992760998e-49 
513.14103	1.353629483223616e-49 
514.71938	1.357512316780356e-49 
516.30259	1.361425653840004e-49 
517.89066	1.3653697498281001e-49 
519.48362	1.3693445656783362e-49 
521.08148	1.373350432740049e-49 
522.68425	1.377387461675241e-49 
524.29195	1.381455838179481e-49 
525.9046	1.385555674640809e-49 
527.52221	1.3896872332630809e-49 
529.14479	1.3938507031761e-49 
530.77236	1.398046125107025e-49 
532.40495	1.402273764726916e-49 
534.04255	1.4065338143186562e-49 
535.68519	1.4108264673409e-49 
537.33288	1.415151843198016e-49 
538.98564	1.4195101373737692e-49 
540.64348	1.4239015465444e-49 
542.30642	1.4283263441720253e-49 
543.97448	1.432784578283881e-49 
545.64767	1.4372764488220411e-49 
547.326	1.441802232887041e-49 
549.0095	1.4463620571584889e-49 
550.69818	1.450956201433561e-49 
552.39205	1.455584718319876e-49 
554.09112	1.4602478899761e-49 
555.79543	1.4649459237505441e-49 
557.50498	1.469678951577664e-49 
559.21978	1.474447259755024e-49 
560.93986	1.479250982505024e-49 
562.66524	1.4840903318754492e-49 
564.39591	1.488965521197456e-49 
566.13192	1.493876687791401e-49 
567.87326	1.4988242020518008e-49 
569.61995	1.5038081264712248e-49 
571.37202	1.508828679198736e-49 
573.12948	1.5138861575160999e-49 
574.89235	1.518980704654609e-49 
576.66064	1.5241125427334561e-49 
578.43436	1.5292818952091562e-49 
580.21354	1.5344889868829159e-49 
581.9982	1.539733965429136e-49 
583.78834	1.545017136570436e-49 
585.58399	1.5503386504356e-49 
587.38517	1.555698815753104e-49 
589.19188	1.561097706111441e-49 
591.00415	1.566535712024196e-49 
592.82199	1.572012988607161e-49 
594.64543	1.5775297712606411e-49 
596.47448	1.583086217216256e-49 
598.30915	1.588682643991524e-49 
600.14946	1.594319211371329e-49 
601.99543	1.5999962400022092e-49 
603.84709	1.6057138922496002e-49 
605.70443	1.6114724919225e-49 
607.5675	1.6172721235636841e-49 
609.43629	1.6231131943186412e-49 
611.31083	1.6289957910724e-49 
613.19113	1.6349202436176089e-49 
615.07722	1.640886802795321e-49 
616.96911	1.6468956397694439e-49 
618.86682	1.6529470892283039e-49 
620.77037	1.659041406494224e-49 
622.67977	1.665178685173201e-49 
624.59504	1.6713593462366439e-49 
626.51621	1.677583567639225e-49 
628.44328	1.683851610327121e-49 
630.37629	1.690163736783201e-49 
632.31523	1.696520211034896e-49 
634.26014	1.702921298662089e-49 
636.21104	1.709367184116036e-49 
638.16793	1.7158583013264004e-49 
640.13085	1.7223946720380494e-49 
642.0998	1.7289767334931557e-49 
644.07481	1.7356047591481002e-49 
646.05589	1.742278940578225e-49 
648.04307	1.748999553965764e-49 
650.03635	1.7557669609081293e-49 
652.03577	1.7625812733734487e-49 
654.04134	1.769442940174009e-49 
656.05308	1.776352160184849e-49 
658.07101	1.7833092177285157e-49 
660.09514	1.790314314155236e-49 
662.1255	1.7973679061813756e-49 
664.1621	1.8044701136930247e-49 
666.20497	1.8116213122910247e-49 
668.25412	1.8188217946366087e-49 
670.30958	1.8260717696187207e-49 
672.37136	1.8333716184163213e-49 
674.43947	1.8407216387914235e-49 
676.51395	1.8481220442441e-49 
678.59481	1.8555731354604955e-49 
680.68208	1.863075301182736e-49 
682.77576	1.870628759586756e-49 
684.87588	1.878233903251216e-49 
686.98246	1.8858909535077155e-49 
689.09552	1.893600306808324e-49 
691.21508	1.9013621004613213e-49 
693.34116	1.9091768216803837e-49 
695.47378	1.917044698196761e-49 
697.61296	1.9249660465692252e-49 
699.75872	1.9329412730919845e-49 
701.91107	1.9409705222638088e-49 
704.07005	1.949054292129025e-49 
706.23567	1.957192818589584e-49 
708.40795	1.9653864273170415e-49 
710.58691	1.9736355346819237e-49 
712.77258	1.981940292544144e-49 
714.96497	1.990301120809681e-49 
717.1641	1.9987184420068414e-49 
719.36999	2.007192502096804e-49 
721.58267	2.0157236379697207e-49 
723.80216	2.024312188415449e-49 
726.02847	2.032958494132281e-49 
728.26163	2.041662897735696e-49 
730.50166	2.050425834330384e-49 
732.74858	2.0592475602184893e-49 
735.00241	2.0681284238224e-49 
737.26317	2.0770687755169e-49 
739.53089	2.0860690589850252e-49 
741.80558	2.0951295375822248e-49 
744.08727	2.104250659340544e-49 
746.37598	2.113432691191396e-49 
748.67172	2.1226759934100637e-49 
750.97453	2.1319810206244e-49 
753.28442	2.1413481377382094e-49 
755.60142	2.1507776189315286e-49 
757.92554	2.160269925519616e-49 
760.25681	2.1698255216809958e-49 
762.59525	2.1794445943684842e-49 
764.94089	2.1891276116769956e-49 
767.29374	2.1988749508185686e-49 
769.65382	2.208687085082241e-49 
772.02117	2.2185643022830444e-49 
774.3958	2.2285069859142246e-49 
776.77773	2.238515710832025e-49 
779.16699	2.248590771198864e-49 
781.56359	2.258732557515625e-49 
783.96757	2.2689414624276492e-49 
786.37895	2.2792180716986493e-49 
788.79774	2.289562592191876e-49 
791.22397	2.299975710795844e-49 
793.65766	2.3104577346628408e-49 
796.09884	2.321009261337316e-49 
798.54752	2.331630699189444e-49 
801.00374	2.3423225556172092e-49 
803.46752	2.353085535183769e-49 
805.93887	2.3639201529062437e-49 
808.41782	2.3748272193756012e-49 
810.9044	2.385807551083441e-49 
813.39863	2.3968622642175997e-49 
815.90052	2.407992876260416e-49 
818.41012	2.419201310632129e-49 
820.92743	2.430490887400081e-49 
823.45249	2.441866833732001e-49 
825.98531	2.453339377190416e-49 
828.52592	2.4649295638752493e-49 
831.07435	2.4766907867150445e-49 
833.63062	2.488790892655089e-49 
836.19475	2.5020311123742493e-49 
838.76676	2.526965423882761e-49 
841.34669	2.5830831435696804e-49 
843.93456	2.5388474511985292e-49 
846.53038	2.5483287359886757e-49 
849.13419	2.559803227872004e-49 
851.746	2.571737675563809e-49 
854.36585	2.5838758561219205e-49 
856.99376	2.5961459448073206e-49 
859.62975	2.608522014510864e-49 
862.27385	2.6209929406619557e-49 
864.92608	2.633553340512964e-49 
867.58647	2.6462007612076955e-49 
870.25504	2.6589338586522014e-49 
872.93182	2.6717519973540486e-49 
875.61684	2.6846549480863357e-49 
878.31011	2.697642892790244e-49 
881.01167	2.7107159088952958e-49 
883.72154	2.7238742811810013e-49 
886.43974	2.7371185042804836e-49 
889.1663	2.7504488656572837e-49 
891.90125	2.763865758495361e-49 
894.64461	2.777369788373049e-49 
897.39641	2.7909612475434006e-49 
900.15667	2.8046407465818807e-49 
902.92543	2.818408687383969e-49 
905.7027	2.8322657927692963e-49 
908.48851	2.846212363509025e-49 
911.28289	2.8602489148770256e-49 
914.08587	2.8743761792776806e-49 
916.89747	2.8885945714486088e-49 
919.71771	2.9029046155321e-49 
922.54664	2.917306838385801e-49 
925.38426	2.931801877885456e-49 
928.23061	2.9463902671582436e-49 
931.08571	2.9610725420846438e-49 
933.9496	2.9758492413090256e-49 
936.8223	2.990721015625225e-49 
939.70383	3.0056884100572813e-49 
942.59423	3.0207519724314238e-49 
945.49351	3.0359123635849963e-49 
948.40172	3.0511700273356096e-49 
951.31886	3.066525630735961e-49 
954.24499	3.0819797337675613e-49 
957.18011	3.0975330105852253e-49 
960.12426	3.113186027748624e-49 
963.07746	3.128939354707929e-49 
966.03975	3.1447936759716002e-49 
969.01115	3.1607494552148497e-49 
971.99169	3.1768074960806248e-49 
974.9814	3.1929683814114495e-49 
977.98031	3.2092325837079208e-49 
980.98844	3.2256008044631292e-49 
984.00582	3.2420737493025206e-49 
987.03248	3.2586520138368162e-49 
990.06845	3.2753363111469157e-49 
993.11376	3.292127128997721e-49 
996.16844	3.3090251871121287e-49 
999.23251	3.3260310940930092e-49 
1002.306	3.3431455772434805e-49 
1005.389	3.3603693681282492e-49 
1008.4814	3.3777029701240806e-49 
1011.5833	3.3951471215878807e-49 
1014.6948	3.412702565192281e-49 
1017.8159	3.430369813670881e-49 
1020.9465	3.4481497340187036e-49 
1024.0868	3.466042845579664e-49 
1027.2368	3.484049905757281e-49 
1030.3964	3.5021716763642006e-49 
1033.5658	3.520408804979089e-49 
1036.7449	3.538761942400036e-49 
1039.9337	3.557231861941156e-49 
1043.1324	3.575819221807716e-49 
1046.341	3.594524803374736e-49 
1049.5594	3.613349272321881e-49 
1052.7876	3.632293418157121e-49 
1056.0259	3.651357914102088e-49 
1059.2741	3.6705434367001e-49 
1062.5322	3.689850908804449e-49 
1065.8004	3.709280893745956e-49 
1069.0787	3.728834201200761e-49 
1072.367	3.7485116455081005e-49 
1075.6655	3.768313800147649e-49 
1078.9741	3.788241610008249e-49 
1082.2928	3.808295902577664e-49 
1085.6218	3.8284772625961e-49 
1088.961	3.848786525110921e-49 
1092.3105	3.8692244055481005e-49 
1095.6703	3.8897918722944156e-49 
1099.0404	3.9104895246846494e-49 
1102.4209	3.931318340451076e-49 
1105.8118	3.952279052059716e-49 
1109.2131	3.973372269465481e-49 
1112.6249	3.994599110471281e-49 
1116.0472	4.015960193532817e-49 
1119.48	4.037456393524324e-49 
1122.9234	4.059088590294529e-49 
1126.3773	4.0808575409281e-49 
1129.8419	4.1027641342693285e-49 
1133.3171	4.124809135754328e-49 
1136.803	4.146993572094025e-49 
1140.2997	4.169318089046049e-49 
1143.8071	4.1917835936802255e-49 
1147.3253	4.2143908683556e-49 
1150.8543	4.237141089742276e-49 
1154.3942	4.2600347897993635e-49 
1157.9449	4.283073025026481e-49 
1161.5066	4.3062567273056255e-49 
1165.0792	4.329586570564836e-49 
1168.6628	4.353063758973504e-49 
1172.2575	4.376688843276304e-49 
1175.8632	4.400463038592196e-49 
1179.48	4.424387036116356e-49 
1183.1079	4.4484619296976814e-49 
1186.7469	4.472688552498243e-49 
1190.3972	4.497067875752761e-49 
1194.0587	4.521600741636801e-49 
1197.7314	4.546288266016561e-49 
1201.4155	4.571131166039881e-49 
1205.1109	4.596130703763362e-49 
1208.8176	4.6212877418429155e-49 
1212.5358	4.646603147004009e-49 
1216.2654	4.672078063465201e-49 
1220.0064	4.697713642537162e-49 
1223.759	4.723510630295601e-49 
1227.5231	4.749470464625604e-49 
1231.2988	4.7755943172056255e-49 
1235.0861	4.801883782731875e-49 
1238.885	4.828340606732644e-49 
1242.6957	4.8549679417599996e-49 
1246.518	4.881771903823684e-49 
1250.3521	4.908769740387769e-49 
1254.1981	4.936038742274704e-49 
1258.0558	4.9645415630070095e-49 
1261.9254	4.9974928969307034e-49 
1265.8069	5.0185742288748155e-49 
1269.7003	5.0461192630257646e-49 
1273.6058	5.074039708502435e-49 
1277.5232	5.1021751845581446e-49 
1281.4527	5.130500045545081e-49 
1285.3942	5.159008034275225e-49 
1289.3479	5.187697571102929e-49 
1293.3138	5.21656864131749e-49 
1297.2918	5.245621513315568e-49 
1301.2821	5.2748573235733685e-49 
1305.2847	5.304276777777156e-49 
1309.2995	5.333881021163776e-49 
1313.3268	5.363671058719744e-49 
1317.3664	5.3936480469316e-49 
1321.4184	5.4238130012646805e-49 
1325.4829	5.4541669418382245e-49 
1329.5599	5.48471133779257e-49 
1333.6494	5.515447073795136e-49 
1337.7515	5.546375484416063e-49 
1341.8663	5.577497613561316e-49 
1345.9937	5.6088148094644405e-49 
1350.1337	5.640328128085923e-49 
1354.2866	5.672038780817721e-49 
1358.4522	5.703947985564197e-49 
1362.6306	5.7360569667711205e-49 
1366.8218	5.768366955454755e-49 
1371.026	5.800879189231009e-49 
1375.2431	5.8335949123446755e-49 
1379.4731	5.866515375698761e-49 
1383.7162	5.899641836883876e-49 
1387.9723	5.9329755602077215e-49 
1392.2415	5.9665178167246446e-49 
1396.5238	6.000269884265281e-49 
1400.8193	6.0342332028269295e-49 
1405.1281	6.068408753600065e-49 
1409.45	6.102797989845649e-49 
1413.7853	6.137402216797476e-49 
1418.1339	6.172222903742016e-49 
1422.4959	6.207261213558276e-49 
1426.8713	6.242518472352101e-49 
1431.2601	6.277996171713248e-49 
1435.6625	6.313695494242756e-49 
1440.0784	6.349617946560101e-49 
1444.5079	6.3857648843823606e-49 
1448.951	6.4221376705740805e-49 
1453.4077	6.4587375144454405e-49 
1457.8782	6.495565953065476e-49 
1462.3624	6.53262453257041e-49 
1466.8604	6.5699165914204845e-49 
1471.3723	6.607442733847684e-49 
1475.898	6.645203073153225e-49 
1480.4377	6.683199350200569e-49 
1484.9913	6.7214326611103364e-49 
1489.5589	6.759904599012321e-49 
1494.1406	6.798616601468176e-49 
1498.7364	6.837570278918403e-49 
1503.3463	6.876767085375623e-49 
1507.9703	6.916208316097536e-49 
1512.6086	6.955895772452169e-49 
1517.2612	6.995830765412889e-49 
1521.9281	7.03601494723585e-49 
1526.6093	7.076449643316495e-49 
1531.305	7.117136522313129e-49 
1536.015	7.158077262587242e-49 
1540.7396	7.199273212857959e-49 
1545.4787	7.240726068111936e-49 
1550.2324	7.282437362491204e-49 
1555.0007	7.324412061362842e-49 
1559.7836	7.366681956208128e-49 
1564.5813	7.4092153260864e-49 
1569.3937	7.452013739552209e-49 
1574.221	7.495078773219128e-49 
1579.063	7.53841201179284e-49 
1583.92	7.582015222253826e-49 
1588.7919	7.625890007100962e-49 
1593.6788	7.670037977035008e-49 
1598.5807	7.714461102320024e-49 
1603.4978	7.759160660865604e-49 
1608.4299	7.804138641553295e-49 
1613.3772	7.849396691306042e-49 
1618.3397	7.894936643143937e-49 
1623.3175	7.940759984127365e-49 
1628.3106	7.986868743934089e-49 
1633.319	8.0332644271104e-49 
1638.3429	8.079949084000371e-49 
1643.3822	8.126924597394848e-49 
1648.437	8.17419249916008e-49 
1653.5074	8.221755234471026e-49 
1658.5933	8.269615083755777e-49 
1663.6949	8.317775072174568e-49 
1668.8122	8.366242273137223e-49 
1673.9452	8.415048048412043e-49 
1679.0941	8.465084162715665e-49 
1684.2587	8.513725957181314e-49 
1689.4393	8.56311839282016e-49 
1694.6357	8.613068344597926e-49 
1699.8482	8.663350825957127e-49 
1705.0767	8.713951413708305e-49 
1710.3213	8.764868423007376e-49 
1715.582	8.816102953751027e-49 
1720.8588	8.867656483015226e-49 
1726.152	8.919530870519823e-49 
1731.4614	8.971727795832024e-49 
1736.7871	9.024249515602502e-49 
1742.1292	9.077097728630416e-49 
1747.4877	9.130274523100899e-49 
1752.8628	9.183781998866601e-49 
1758.2543	9.237622075277399e-49 
1763.6625	9.291796681209157e-49 
1769.0872	9.346308141805636e-49 
1774.5287	9.401158408504039e-49 
1779.9869	9.45634944240017e-49 
1785.4619	9.511883604400998e-49 
1790.9537	9.567762878463363e-49 
1796.4624	9.623989258336488e-49 
1801.9881	9.68056514115877e-49 
1807.5308	9.737492543842757e-49 
1813.0905	9.794773493228305e-49 
1818.6673	9.852410423157483e-49 
1824.2612	9.910405583040399e-49 
1829.8724	9.968760835317124e-49 
1835.5008	1.0027478851290002e-48 
1841.1466	1.0086560511696902e-48 
1846.8097	1.01460111253081e-48 
1852.4902	1.0205828371209999e-48 
1858.1882	1.02660200186769e-48 
1863.9037	1.0326583752039999e-48 
1869.6368	1.038752332864e-48 
1875.3876	1.04488425353764e-48 
1881.156	1.0510541088064901e-48 
1886.9422	1.05726248534929e-48 
1892.7461	1.0635093565028098e-48 
1898.5679	1.06979490061921e-48 
1904.4077	1.07611950409924e-48 
1910.2653	1.08248334828516e-48 
1916.1411	1.0888868238067602e-48 
1922.0348	1.0953299057160102e-48 
1927.9467	1.1018129870598402e-48 
1933.8768	1.1083364639553599e-48 
1939.8252	1.1149003132545599e-48 
1945.7918	1.12152081875344e-48 
1951.7768	1.12818938883876e-48 
1957.7802	1.13489924517225e-48 
1963.802	1.1416507925763601e-48 
1969.8424	1.14844401036304e-48 
1975.9013	1.1552793058566398e-48 
1981.9789	1.1621570895492101e-48 
1988.0752	1.16907734262544e-48 
1994.1903	1.1760406950068098e-48 
2000.3241	1.1830469122561598e-48 
2006.4768	1.1900966281402501e-48 
2012.6484	1.1971900445792402e-48 
2018.8391	1.2043275836259601e-48 
2025.0487	1.21150901018449e-48 
2031.2775	1.21873518853956e-48 
2037.5254	1.22600588425225e-48 
2043.7926	1.2333217467200401e-48 
2050.079	1.24068298574025e-48 
2056.3847	1.24808958834849e-48 
2062.7099	1.25554243599801e-48 
2069.0545	1.2630410702010001e-48 
2075.4186	1.2705863777684102e-48 
2081.8023	1.2781785759033599e-48 
2088.2056	1.28581810929664e-48 
2094.6286	1.29350724576516e-48 
2101.0714	1.3128170789932902e-48 
2107.534	1.30902315975025e-48 
2114.0165	1.31684988766464e-48 
2120.5189	1.3247277974112398e-48 
2127.0413	1.3326548290048901e-48 
2133.5838	1.34063121144969e-48 
2140.1464	1.34865670996224e-48 
2146.7292	1.3567322497322502e-48 
2153.3322	1.3648575967494399e-48 
2159.9556	1.3730332152249998e-48 
2166.5993	1.3812595729000002e-48 
2173.2634	1.38953690531044e-48 
2179.9481	1.39786521228225e-48 
2186.6533	1.40624544024484e-48 
2193.3791	1.41467735548441e-48 
2200.1256	1.4231614351468897e-48 
2206.8929	1.43169815998881e-48 
2213.681	1.44028777437601e-48 
2220.49	1.44893052345409e-48 
2227.3199	1.45762665314841e-48 
2234.1708	1.46637665235216e-48 
2241.0428	1.47518101364209e-48 
2247.9359	1.48403974601689e-48 
2254.8503	1.4929533451060898e-48 
2261.7859	1.50192206515849e-48 
2268.7428	1.51094616123025e-48 
2275.7211	1.52002638234225e-48 
2282.7209	1.52916274228624e-48 
2289.7422	1.53835574884209e-48 
2296.7852	1.54760541597841e-48 
2303.8497	1.556912504169e-48 
2310.9361	1.5662772801e-48 
2318.0442	1.57569976025344e-48 
2325.1741	1.58518071436816e-48 
2332.3261	1.5947204139417602e-48 
2339.5	1.60431913133584e-48 
2346.6959	1.613977139776e-48 
2353.914	1.623695223049e-48 
2361.1543	1.633473149476e-48 
2368.4169	1.64331170765584e-48 
2375.7018	1.65321117891076e-48 
2383.0091	1.6631718454560398e-48 
2390.3389	1.67319424910401e-48 
2397.6913	1.68327867619129e-48 
2405.0662	1.69342541396224e-48 
2412.4639	1.70363527266244e-48 
2419.8843	1.71390802240161e-48 
2427.3275	1.7242444784040098e-48 
2434.7936	1.7346446728928103e-48 
2442.2827	1.74510942847081e-48 
2449.7948	1.75563904502809e-48 
2457.33	1.7662338234072903e-48 
2464.8884	1.77689406540361e-48 
2472.4701	1.78762034116864e-48 
2480.075	1.79841295682064e-48 
2487.7034	1.809272488464e-48 
2495.3552	1.8201989767562498e-48 
2503.0306	1.831193542656e-48 
2510.7295	1.8422562320467604e-48 
2518.4522	1.85339607374601e-48 
2526.1986	1.8645897038000397e-48 
2533.9688	1.87585538338969e-48 
2541.763	1.88719373325289e-48 
2549.5811	1.89860262282441e-48 
2557.4232	1.9100821040718398e-48 
2565.2895	1.92163250391616e-48 
2573.1799	1.9332544283910403e-48 
2581.0947	1.94494848791881e-48 
2589.0338	1.95671473780644e-48 
2596.9973	1.9685540728728903e-48 
2604.9852	1.9804665513902498e-48 
2612.9978	1.99245251161476e-48 
2621.035	2.00451285918724e-48 
2629.097	2.01664793962129e-48 
2637.1837	2.02885809952401e-48 
2645.2953	2.041143686596e-48 
2653.4318	2.0535053362324898e-48 
2661.5934	2.0659434009209997e-48 
2669.7801	2.0784588109332103e-48 
2677.992	2.0910513477902402e-48 
2686.2291	2.10372194749369e-48 
2694.4915	2.1164709722521596e-48 
2702.7794	2.1292987854168898e-48 
2711.0928	2.14220604420729e-48 
2719.4317	2.15519341052929e-48 
2727.7963	2.1682609620025598e-48 
2736.1866	2.18140936464025e-48 
2744.6027	2.19463928919225e-48 
2753.0448	2.20795081680625e-48 
2761.5127	2.22134492047329e-48 
2770.0067	2.2348219836104098e-48 
2778.5269	2.24838239084449e-48 
2787.0732	2.26202682881296e-48 
2795.6459	2.2757556872966396e-48 
2804.2449	2.2895693573032903e-48 
2812.8704	2.30346883815489e-48 
2821.5223	2.3174542243696902e-48 
2830.201	2.3315259134222503e-48 
2838.9062	2.3456849166564097e-48 
2847.6383	2.3599316396076102e-48 
2856.3972	2.37426648909025e-48 
2865.1831	2.38869018230544e-48 
2873.996	2.4032028213928904e-48 
2882.836	2.41780543898436e-48 
2891.7032	2.4324987646090002e-48 
2900.5977	2.44728259426849e-48 
2909.5195	2.46215828682756e-48 
2918.4688	2.4771259547654402e-48 
2927.4456	2.4921863395560002e-48 
2936.45	2.50734145460569e-48 
2945.4821	2.5225904750222498e-48 
2954.542	2.53792905712641e-48 
2963.6297	2.55336558396516e-48 
2972.7454	2.56889795839524e-48 
2981.8892	2.5845263043744403e-48 
2991.061	2.60025138837025e-48 
3000.2611	2.61607398215524e-48 
3009.4895	2.6319945383692902e-48 
3018.7463	2.64801351107524e-48 
3028.0315	2.6641316822022404e-48 
3037.3453	2.68034983907076e-48 
3046.6877	2.6966684459929598e-48 
3056.0589	2.71308796874116e-48 
3065.4589	2.72960887454784e-48 
3074.8878	2.7462326264112093e-48 
3084.3457	2.7629590386680095e-48 
3093.8327	2.77978891944601e-48 
3103.3489	2.79672308240836e-48 
3112.8944	2.8137620112998397e-48 
3122.4692	2.83090652788804e-48 
3132.0735	2.8481574595522494e-48 
3141.7073	2.8655149622022404e-48 
3151.3708	2.882979868356e-48 
3161.0639	2.9005530162010003e-48 
3170.7869	2.9182352496264896e-48 
3180.5398	2.9360267328624405e-48 
3190.3227	2.9539283150401597e-48 
3200.1357	2.97194085105124e-48 
3209.9788	2.9900652015802506e-48 
3219.8523	3.00830153935936e-48 
3229.7561	3.0266507304198395e-48 
3239.6903	3.04511364664516e-48 
3249.6552	3.06369116580409e-48 
3259.6506	3.08238346931524e-48 
3269.6769	3.101191440399999e-48 
3279.7339	3.120116321502011e-48 
3289.8219	3.139158302289e-48 
3299.941	3.1583179252564903e-48 
3310.0911	3.177596447625959e-48 
3320.2725	3.1969944217988094e-48 
3330.4852	3.21651276060321e-48 
3340.7293	3.2361516634024895e-48 
3351.0049	3.255912770459039e-48 
3361.3121	3.275887871433959e-48 
3371.651	3.29580206070336e-48 
3382.0217	3.31593210509401e-48 
3392.4243	3.3361870001382394e-48 
3402.859	3.3565676919984404e-48 
3413.3257	3.37707439805124e-48 
3423.8246	3.39770807034129e-48 
3434.3558	3.418470037010249e-48 
3444.9194	3.43936015342144e-48 
3455.5154	3.46038012797409e-48 
3466.1441	3.48153019181881e-48 
3476.8055	3.50281094776804e-48 
3487.4996	3.524224126888891e-48 
3498.2267	3.5457695928579603e-48 
3508.9867	3.56744909086864e-48 
3519.7799	3.5892624873180106e-48 
3530.6062	3.6112111615696894e-48 
3541.4659	3.6332961229684904e-48 
3552.3589	3.65551762270464e-48 
3563.2855	3.67787705995264e-48 
3574.2456	3.7003750757688106e-48 
3585.2395	3.7230126991209997e-48 
3596.2672	3.745790578620251e-48 
3607.3288	3.76870936490896e-48 
3618.4244	3.79177048955961e-48 
3629.5542	3.814974614416001e-48 
3640.7182	3.8383224033976897e-48 
3651.9165	3.8618149155300095e-48 
3663.1493	3.8854532167180896e-48 
3674.4166	3.90923798434849e-48 
3685.7186	3.9331702945728396e-48 
3697.0553	3.9572512305128104e-48 
3708.427	3.9814810841520096e-48 
3719.8336	4.0058613456390404e-48 
3731.2752	4.03039311553921e-48 
3742.7521	4.05507669602841e-48 
3754.2643	4.07991319452025e-48 
3765.8119	4.10490413076969e-48 
3777.395	4.130050630206759e-48 
3789.0137	4.155351787024e-48 
3800.6682	4.1808099492684107e-48 
3812.3585	4.20642625661476e-48 
3824.0848	4.232201856038559e-48 
3835.8471	4.258137076445159e-48 
3847.6456	4.28423307195321e-48 
3859.4804	4.3104914192872904e-48 
3871.3516	4.33691204164516e-48 
3883.2594	4.36349694330225e-48 
3895.2037	4.39024688903056e-48 
3907.1848	4.41716264600209e-48 
3919.2028	4.4442454054164096e-48 
3931.2577	4.4714963660356897e-48 
3943.3497	4.49891631001201e-48 
3955.4788	4.5265064474574395e-48 
3967.6453	4.554267569328999e-48 
3979.8493	4.5822013252992895e-48 
3992.0907	4.6103080897038404e-48 
4004.3698	4.63858952638225e-48 
4016.6867	4.667046448091041e-48 
4029.0414	4.6956801035232394e-48 
4041.4342	4.7244913145102495e-48 
4053.8651	4.753481341504e-48 
4066.3342	4.7826514528707607e-48 
4078.8417	4.8120029249328397e-48 
4091.3876	4.8415361618708105e-48 
4103.9721	4.8712528893722505e-48 
4116.5954	4.9011544037960094e-48 
4129.2574	4.93124112134404e-48 
4141.9584	4.9615147919376394e-48 
4154.6985	4.991976732238241e-48 
4167.4778	5.0226278188840006e-48 
4180.2963	5.053468931260839e-48 
4193.1543	5.0845018534559994e-48 
4206.0519	5.11572838336576e-48 
4218.9891	5.1471467028097604e-48 
4231.9661	5.17876179013449e-48 
4244.983	5.2105727416904106e-48 
4258.04	5.24258138195856e-48 
4271.1371	5.274788630804641e-48 
4284.2745	5.30719633246609e-48 
4297.4524	5.33980542104361e-48 
4310.6707	5.3726168335683606e-48 
4323.9297	5.40563244000256e-48 
4337.2295	5.43885319179801e-48 
4350.5702	5.47228004339025e-48 
4363.9519	5.505914890785959e-48 
4377.3748	5.539758703028641e-48 
4390.839	5.57381292437776e-48 
4404.3446	5.60807900792689e-48 
4417.8918	5.64255794056761e-48 
4431.4806	5.677251188822889e-48 
4445.1112	5.71215975015625e-48 
4458.7837	5.747286063560041e-48 
4472.4983	5.7826301841e-48 
4486.2551	5.81819408790489e-48 
4500.0541	5.85397928220004e-48 
4513.8957	5.889987283356159e-48 
4527.7798	5.926219130059291e-48 
4541.7066	5.962675864252811e-48 
4555.6762	5.999359510880999e-48 
4569.6888	6.03627161880625e-48 
4583.7446	6.07341325335616e-48 
4597.8435	6.11078597760016e-48 
4611.9858	6.14839086810601e-48 
4626.1716	6.18623049713956e-48 
4640.4011	6.22430446485136e-48 
4654.6743	6.262615859979611e-48 
4668.9914	6.30116528902884e-48 
4683.3526	6.339955370158241e-48 
4697.7579	6.37898621789025e-48 
4712.2075	6.418260471297961e-48 
4726.7016	6.457778758656e-48 
4741.2403	6.49754323497841e-48 
4755.8236	6.537555559987359e-48 
4770.4519	6.57781637740516e-48 
4785.1251	6.618328386365439e-48 
4799.8435	6.65909224417089e-48 
4814.6071	6.70011015854041e-48 
4829.4162	6.741383315022759e-48 
4844.2708	6.78291394464784e-48 
4859.1711	6.82470272753424e-48 
4874.1172	6.866752437511211e-48 
4889.1093	6.90906324299409e-48 
4904.1475	6.951638467215999e-48 
4919.2319	6.994478289497759e-48 
4934.3628	7.03758553288704e-48 
4949.5402	7.08096091505625e-48 
4964.7643	7.12460675257681e-48 
4980.0352	7.168524843582009e-48 
4995.3531	7.212716459630011e-48 
5010.7181	7.257183415056e-48 
5026.1303	7.30192753482241e-48 
5041.59	7.34695607562361e-48 
5057.0972	7.39225462067401e-48 
5072.6521	7.43784129028836e-48 
5088.2549	7.48371143715129e-48 
5103.9056	7.52986857647236e-48 
5119.6045	7.576312951606089e-48 
5135.3517	7.62304700537956e-48 
5151.1473	7.67007264450816e-48 
5166.9915	7.717391786776361e-48 
5182.8844	7.765006361091211e-48 
5198.8262	7.81291774850409e-48 
5214.8171	7.86112789516209e-48 
5230.8571	7.909638758464001e-48 
5246.9465	7.958452871329e-48 
5263.0854	8.00757165308409e-48 
5279.2739	8.056996527528011e-48 
5295.5122	8.106730631270409e-48 
5311.8004	8.156774841646241e-48 
5328.1387	8.20713117944281e-48 
5344.5273	8.25780282650449e-48 
5360.9663	8.30879010800784e-48 
5377.4559	8.360096230965609e-48 
5393.9962	8.411722688209001e-48 
5410.5874	8.463672140968809e-48 
5427.2296	8.515945518606491e-48 
5443.923	8.568545504380839e-48 
5460.6677	8.621475975225e-48 
5477.4639	8.67473436221604e-48 
5494.3118	8.728326913625639e-48 
5511.2116	8.78225460647161e-48 
5528.1633	8.83651900996089e-48 
5545.1671	8.89112289096196e-48 
5562.2233	8.94606843780441e-48 
5579.3319	9.00135725116644e-48 
5596.4931	9.05699214056569e-48 
5613.7071	9.11297472791616e-48 
5630.9741	9.169307851482251e-48 
5648.2942	9.225993154624001e-48 
5665.6675	9.283033504610411e-48 
5683.0943	9.340430566459239e-48 
5700.5747	9.398186623574441e-48 
5718.1088	9.456303972188161e-48 
5735.6969	9.51478553834116e-48 
5753.3391	9.57363364981521e-48 
5771.0356	9.632849405962239e-48 
5788.7865	9.69243639451684e-48 
5806.5919	9.75239635795929e-48 
5824.4522	9.812732297289611e-48 
5842.3674	9.873447234497639e-48 
5860.3377	9.93454232153881e-48 
5878.3632	9.99602060522256e-48 
5896.4443	1.0057883885038891e-47 
5914.5809	1.012013460241281e-47 
5932.7733	1.0182775850534439e-47 
5951.0217	1.024581010391929e-47 
5969.3262	1.0309239208640161e-47 
5987.687	1.0373066304900251e-47 
6006.1042	1.0437293908536009e-47 
6024.5781	1.050192390115584e-47 
6043.1089	1.0566959470596e-47 
6061.6966	1.0632403174579561e-47 
6080.3416	1.0698257584924811e-47 
6099.0438	1.0764525287608959e-47 
6117.8036	1.0831209541048091e-47 
6136.6211	1.0898311645332811e-47 
6155.4965	1.0965835547782092e-47 
6174.4299	1.103378323345321e-47 
6193.4216	1.110215802649801e-47 
6212.4717	1.117096193694121e-47 
6231.5804	1.1240198992768359e-47 
6250.7478	1.130987056282801e-47 
6269.9742	1.137998003819076e-47 
6289.2598	1.145053015631424e-47 
6308.6046	1.1521523669569e-47 
6328.009	1.1592964026273642e-47 
6347.4731	1.166485333207104e-47 
6366.997	1.1737195069681002e-47 
6386.581	1.180999205817561e-47 
6406.2252	1.1883246442472252e-47 
6425.9298	1.195696244903281e-47 
6445.6951	1.203114225567969e-47 
6465.5211	1.210578943890625e-47 
6485.4081	1.2180906203340248e-47 
6505.3563	1.225649616099841e-47 
6525.3659	1.233256294827001e-47 
6545.437	1.240910811246096e-47 
6565.5698	1.248613602618529e-47 
6585.7646	1.256364967767121e-47 
6606.0215	1.2641651360100002e-47 
6626.3406	1.2720145513879692e-47 
6646.7223	1.2799133751191288e-47 
6667.1667	1.2878621271456162e-47 
6687.674	1.295860971728761e-47 
6708.2443	1.303910289651204e-47 
6728.8779	1.312010464239225e-47 
6749.575	1.3201617360408997e-47 
6770.3357	1.328364492160225e-47 
6791.1603	1.3366189760399998e-47 
6812.0489	1.3449257252864408e-47 
6833.0018	1.3532848404804003e-47 
6854.0192	1.361696863985329e-47 
6875.1012	1.3701620464900003e-47 
6896.248	1.3786807880092809e-47 
6917.4599	1.3872533422224997e-47 
6938.737	1.3958801130674412e-47 
6960.0796	1.4045615071504e-47 
6981.4878	1.413297858573316e-47 
7002.9619	1.4220895032024037e-47 
7024.502	1.4309367786756252e-47 
7046.1083	1.439840100300625e-47 
7067.7812	1.4487998099886088e-47 
7089.5207	1.457816327812321e-47 
7111.327	1.4668899999999998e-47 
7133.2004	1.4760211745984409e-47 
7155.1412	1.485210278557476e-47 
7177.1494	1.494457586986225e-47 
7199.2252	1.503763686105664e-47 
7221.369	1.5131287778899359e-47 
7243.5809	1.5225532983682813e-47 
7265.8612	1.532037764692516e-47 
7288.2099	1.5415823837401e-47 
7310.6274	1.5511876774144002e-47 
7333.1139	1.560854013446025e-47 
7355.6695	1.570581840741489e-47 
7378.2945	1.5803714521009956e-47 
7400.9891	1.590223460291236e-47 
7423.7535	1.6001380829790762e-47 
7446.5879	1.6101157785575039e-47 
7469.4925	1.620157088880625e-47 
7492.4676	1.630262317521049e-47 
7515.5134	1.640431931044516e-47 
7538.63	1.650666399019236e-47 
7561.8178	1.660966112522304e-47 
7585.0769	1.6713314646502412e-47 
7608.4075	1.681763014564416e-47 
7631.8099	1.6922611609584043e-47 
7655.2842	1.702826304579856e-47 
7678.8308	1.713458931026704e-47 
7702.4498	1.7241594459540008e-47 
7726.1414	1.7349284237107839e-47 
7749.906	1.7457661921226887e-47 
7773.7436	1.756673415385344e-47 
7797.6545	1.7676503425123561e-47 
7821.639	1.7786975599536642e-47 
7845.6972	1.7898154891765209e-47 
7869.8295	1.8010047235565163e-47 
7894.0359	1.812265605328369e-47 
7918.3169	1.8235987340682253e-47 
7942.6725	1.8350046279981159e-47 
7967.103	1.8464836367329e-47 
7991.6087	1.8580363696629157e-47 
8016.1898	1.8696633540768157e-47 
8040.8464	1.8813650338370252e-47 
8065.5789	1.893141942083001e-47 
8090.3875	1.9049946153075363e-47 
8115.2724	1.916923593374596e-47 
8140.2338	1.9289294195372408e-47 
8165.272	1.9410124642279288e-47 
8190.3872	1.9531735410467288e-47 
8215.5797	1.965412938348484e-47 
8240.8496	1.9777313003994813e-47 
8266.1973	1.990129186826496e-47 
8291.623	2.0026071607490011e-47 
8317.1268	2.0151657887976043e-47 
8342.7091	2.0278056411325688e-47 
8368.3701	2.0405272914624162e-47 
8394.11	2.0533312264352039e-47 
8419.9291	2.0662181169715836e-47 
8445.8276	2.0791885475344e-47 
8471.8058	2.0922431062099359e-47 
8497.8639	2.105382384726916e-47 
8524.0021	2.1186068864189287e-47 
8550.2207	2.1319173941814809e-47 
8576.52	2.145314419016521e-47 
8602.9001	2.1587986603398763e-47 
8629.3614	2.1723706360378094e-47 
8655.9041	2.1860310536101214e-47 
8682.5285	2.1997805317051234e-47 
8709.2347	2.2136196927744e-47 
8736.0231	2.2275492574864e-47 
8762.8938	2.241569762157961e-47 
8789.8472	2.255682030748441e-47 
8816.8836	2.269886607628929e-47 
8844.003	2.2841842310596e-47 
8871.2059	2.298575548545444e-47 
8898.4925	2.313061307735616e-47 
8925.863	2.327642164974736e-47 
8953.3177	2.342318780610064e-47 
8980.8568	2.357092013211664e-47 
9008.4807	2.3719624356232086e-47 
9036.1895	2.386930818963076e-47 
9063.9835	2.4019979396731235e-47 
9091.863	2.4171645795502244e-47 
9119.8283	2.432431328499225e-47 
9147.8796	2.447799175156644e-47 
9176.0172	2.463268719043584e-47 
9204.2413	2.4788407618097635e-47 
9232.5522	2.494516210497424e-47 
9260.9503	2.5102956783282006e-47 
9289.4356	2.526180083132161e-47 
9318.0086	2.542170248763721e-47 
9346.6695	2.558267004710596e-47 
9375.4185	2.574471186127009e-47 
9404.256	2.590783633867081e-47 
9433.1821	2.607205194518401e-47 
9462.1973	2.623736720435776e-47 
9491.3016	2.6403790697751607e-47 
9520.4955	2.6571332096225437e-47 
9549.7792	2.6740000108187557e-47 
9579.153	2.6909803501156e-47 
9608.6171	2.708075318367241e-47 
9638.1718	2.7252855974158245e-47 
9667.8175	2.742612396181849e-47 
9697.5543	2.7600565133376e-47 
9727.3826	2.777618963140641e-47 
9757.3027	2.7953007673248164e-47 
9787.3147	2.813102955148249e-47 
9817.4191	2.8310264570268814e-47 
9847.6161	2.849072423150209e-47 
9877.906	2.867241905636689e-47 
9908.289	2.885535964324225e-47 
9938.7655	2.903955666819769e-47 
9969.3357	2.922502088549241e-47 
10000.0	2.941176312807769e-47 
